{"name":"forwardPrefab_group","class":"SimGroup","persistentId":"94a621a1-18b5-4fa5-b139-1ed50aeadd13","groupPosition":"0 0 0"}
{"class":"TSStatic","persistentId":"63855844-c8da-4ecf-af3a-051ccaeb7dc1","__parent":"forwardPrefab_group","position":[185.662491,-874.485229,115.840073],"isRenderEnabled":false,"rotationMatrix":[-0.979456782,0.190063581,-0.0673804805,-0.190496519,-0.981687784,-4.65661287e-10,-0.0661466047,0.0128357466,0.997727334],"shapeName":"/art/shapes/objects/arrowboard_L.dae","useInstanceRenderData":true}
{"class":"TSStatic","persistentId":"86c524b9-351b-4401-b5ad-e6ee927410a9","__parent":"forwardPrefab_group","position":[544.742371,-677.54364,123.282608],"isRenderEnabled":false,"rotationMatrix":[0.283932924,-0.958498359,0.0257472005,0.958667994,0.284293056,0.0115352524,-0.0183762703,0.0214077793,0.99960196],"shapeName":"/art/shapes/objects/arrowboard_R.dae","useInstanceRenderData":true}
{"class":"TSStatic","persistentId":"96b7ab71-0af3-4838-98e7-b70b082eb5e0","__parent":"forwardPrefab_group","position":[444.236359,-188.988815,128.960999],"isRenderEnabled":false,"rotationMatrix":[0.675797343,-0.737087429,0,0.737087429,0.675797343,0,0,0,1],"shapeName":"/art/shapes/objects/arrowboard_R.dae","useInstanceRenderData":true}
{"class":"TSStatic","persistentId":"98f28ee1-8a91-4c88-a0e6-c5c145b2faa3","__parent":"forwardPrefab_group","position":[559.213623,-741.578857,124.726288],"isRenderEnabled":false,"rotationMatrix":[-0.580332637,0.81042695,-0.0801365897,-0.813041806,-0.582205057,0,-0.0466559455,0.0651544034,0.996783912],"shapeName":"/art/shapes/objects/arrowboard_L.dae","useInstanceRenderData":true}
