//--- OBJECT WRITE BEGIN ---
$ThisPrefab = new SimGroup() {
   canSave = "1";
   canSaveDynamicFields = "1";
      groupPosition = "0 0 0";

   new TSStatic() {
      shapeName = "/art/shapes/race/s_concrete_race_barrier.dae";
      dynamic = "0";
      playAmbient = "1";
      meshCulling = "0";
      originSort = "0";
      useInstanceRenderData = "1";
      instanceColor = "White";
      instanceColor1 = "White";
      instanceColor2 = "White";
      collisionType = "Collision Mesh";
      decalType = "Collision Mesh";
      prebuildCollisionData = "0";
      renderNormals = "0";
      forceDetail = "-1";
      position = "600.453491 182.238266 136.23671";
      scale = "1 1 1";
      rotationMatrix = "-0.636088014 -0.767140508 -0.0829900056 0.77031672 -0.625093102 -0.125979304 0.0447673686 -0.144062519 0.988555431";
      isRenderEnabled = "false";
      canSave = "1";
      canSaveDynamicFields = "1";
      persistentId = "ab71a6c1-1267-4b10-911a-42614c485b20";
   };
   new TSStatic() {
      shapeName = "/art/shapes/race/s_concrete_race_barrier.dae";
      dynamic = "0";
      playAmbient = "1";
      meshCulling = "0";
      originSort = "0";
      useInstanceRenderData = "1";
      instanceColor = "White";
      instanceColor1 = "White";
      instanceColor2 = "White";
      collisionType = "Collision Mesh";
      decalType = "Collision Mesh";
      prebuildCollisionData = "0";
      renderNormals = "0";
      forceDetail = "-1";
      position = "600.201294 213.31752 141.22377";
      scale = "1 1 1";
      rotationMatrix = "0.468353689 -0.878642857 -0.0929052085 0.882228076 0.470795453 -0.00501885265 0.0481491238 -0.0796129927 0.995662332";
      isRenderEnabled = "false";
      canSave = "1";
      canSaveDynamicFields = "1";
      persistentId = "17382bd9-8268-4432-b458-c0f9f43b1945";
   };
   new TSStatic() {
      shapeName = "/art/shapes/race/s_concrete_race_barrier.dae";
      dynamic = "0";
      playAmbient = "1";
      meshCulling = "0";
      originSort = "0";
      useInstanceRenderData = "1";
      instanceColor = "White";
      instanceColor1 = "White";
      instanceColor2 = "White";
      collisionType = "Collision Mesh";
      decalType = "Collision Mesh";
      prebuildCollisionData = "0";
      renderNormals = "0";
      forceDetail = "-1";
      position = "445.997528 -192.122726 128.960922";
      scale = "1 1 1";
      rotationMatrix = "0.810841978 0.585257947 0.00291383313 -0.585028112 0.810645223 -0.0244219936 -0.0166552514 0.0180977024 0.999697506";
      isRenderEnabled = "false";
      canSave = "1";
      canSaveDynamicFields = "1";
      persistentId = "ce1cbf2b-2514-4eef-a87e-1f77cef56b50";
   };
   new TSStatic() {
      shapeName = "/art/shapes/race/s_concrete_race_barrier.dae";
      dynamic = "0";
      playAmbient = "1";
      meshCulling = "0";
      originSort = "0";
      useInstanceRenderData = "1";
      instanceColor = "White";
      instanceColor1 = "White";
      instanceColor2 = "White";
      collisionType = "Collision Mesh";
      decalType = "Collision Mesh";
      prebuildCollisionData = "0";
      renderNormals = "0";
      forceDetail = "-1";
      position = "576.982605 -323.999298 127.737808";
      scale = "1 1 1";
      rotationMatrix = "0.794905782 -0.605655074 -0.0361472294 0.60345602 0.795391858 -0.0565033183 0.0629727319 0.0231015533 0.997747838";
      isRenderEnabled = "false";
      canSave = "1";
      canSaveDynamicFields = "1";
      persistentId = "dbe44e71-c034-46ec-b7f9-8b1a58bd489f";
   };
   new TSStatic() {
      shapeName = "/art/shapes/race/s_concrete_race_barrier.dae";
      dynamic = "0";
      playAmbient = "1";
      meshCulling = "0";
      originSort = "0";
      useInstanceRenderData = "1";
      instanceColor = "White";
      instanceColor1 = "White";
      instanceColor2 = "White";
      collisionType = "Collision Mesh";
      decalType = "Collision Mesh";
      prebuildCollisionData = "0";
      renderNormals = "0";
      forceDetail = "-1";
      position = "670.669983 -334.794342 125.947403";
      scale = "1 1 1";
      rotationMatrix = "0.812252998 -0.582830787 -0.0235222764 0.573635936 0.805450737 -0.148966119 0.105768085 0.107504949 0.988562465";
      isRenderEnabled = "false";
      canSave = "1";
      canSaveDynamicFields = "1";
      persistentId = "4e512cf3-43ed-4884-a3ac-5ad506df8c4d";
   };
   new TSStatic() {
      shapeName = "/art/shapes/race/s_concrete_race_barrier.dae";
      dynamic = "0";
      playAmbient = "1";
      meshCulling = "0";
      originSort = "0";
      useInstanceRenderData = "1";
      instanceColor = "White";
      instanceColor1 = "White";
      instanceColor2 = "White";
      collisionType = "Collision Mesh";
      decalType = "Collision Mesh";
      prebuildCollisionData = "0";
      renderNormals = "0";
      forceDetail = "-1";
      position = "552.006958 -675.591003 123.23513";
      scale = "1 1 1";
      rotationMatrix = "0.377759993 0.925285697 -0.0338143967 -0.925192118 0.378649235 0.0253780987 0.0362857915 0.0216979925 0.999105871";
      isRenderEnabled = "false";
      canSave = "1";
      canSaveDynamicFields = "1";
      persistentId = "f0d29d78-48d0-473e-b132-35c50df6d6c5";
   };
   new TSStatic() {
      shapeName = "/art/shapes/race/s_concrete_race_barrier.dae";
      dynamic = "0";
      playAmbient = "1";
      meshCulling = "0";
      originSort = "0";
      useInstanceRenderData = "1";
      instanceColor = "White";
      instanceColor1 = "White";
      instanceColor2 = "White";
      collisionType = "Collision Mesh";
      decalType = "Collision Mesh";
      prebuildCollisionData = "0";
      renderNormals = "0";
      forceDetail = "-1";
      position = "544.266479 -682.158936 123.365112";
      scale = "1 1 1";
      rotationMatrix = "0.927109897 0.373820215 0.0269392375 -0.374415189 0.927000165 0.0219989475 -0.0167490263 -0.0304819029 0.999394953";
      isRenderEnabled = "false";
      canSave = "1";
      canSaveDynamicFields = "1";
      persistentId = "970efa4c-f0e7-4014-9fce-4ddc843c986e";
   };
   new TSStatic() {
      shapeName = "/art/shapes/race/s_concrete_race_barrier.dae";
      dynamic = "0";
      playAmbient = "1";
      meshCulling = "0";
      originSort = "0";
      useInstanceRenderData = "1";
      instanceColor = "White";
      instanceColor1 = "White";
      instanceColor2 = "White";
      collisionType = "Collision Mesh";
      decalType = "Collision Mesh";
      prebuildCollisionData = "0";
      renderNormals = "0";
      forceDetail = "-1";
      position = "547.410767 -680.895691 123.415344";
      scale = "1 1 1";
      rotationMatrix = "0.927660346 0.372687995 -0.0234499313 -0.372301579 0.92791152 0.0192793254 0.0289446376 -0.00915421918 0.999539077";
      isRenderEnabled = "false";
      canSave = "1";
      canSaveDynamicFields = "1";
      persistentId = "e1a64739-d70b-4ede-9530-c60663dc62b1";
   };
   new TSStatic() {
      shapeName = "/art/shapes/race/s_concrete_race_barrier.dae";
      dynamic = "0";
      playAmbient = "1";
      meshCulling = "0";
      originSort = "0";
      useInstanceRenderData = "1";
      instanceColor = "White";
      instanceColor1 = "White";
      instanceColor2 = "White";
      collisionType = "Collision Mesh";
      decalType = "Collision Mesh";
      prebuildCollisionData = "0";
      renderNormals = "0";
      forceDetail = "-1";
      position = "182.869247 -875.136414 115.618141";
      scale = "1 1 1";
      rotationMatrix = "0.326800704 0.944578052 0.0312048756 -0.94365418 0.327946603 -0.0443615429 -0.0521364696 -0.0149492212 0.998528063";
      isRenderEnabled = "false";
      canSave = "1";
      canSaveDynamicFields = "1";
      persistentId = "3c6be847-ae1b-43b1-90d3-ec5c885a4399";
   };
   new TSStatic() {
      shapeName = "/art/shapes/race/s_concrete_race_barrier.dae";
      dynamic = "0";
      playAmbient = "1";
      meshCulling = "0";
      originSort = "0";
      useInstanceRenderData = "1";
      instanceColor = "White";
      instanceColor1 = "White";
      instanceColor2 = "White";
      collisionType = "Collision Mesh";
      decalType = "Collision Mesh";
      prebuildCollisionData = "0";
      renderNormals = "0";
      forceDetail = "-1";
      position = "184.085205 -871.618835 115.64566";
      scale = "1 1 1";
      rotationMatrix = "0.329612136 0.944025576 0.0130949728 -0.940275729 0.329489529 -0.0855458826 -0.0850721598 0.0158840716 0.996248186";
      isRenderEnabled = "false";
      canSave = "1";
      canSaveDynamicFields = "1";
      persistentId = "92bf2130-64b5-406c-a905-3d0b86585a17";
   };
   new TSStatic() {
      shapeName = "/art/shapes/race/s_concrete_race_barrier.dae";
      dynamic = "0";
      playAmbient = "1";
      meshCulling = "0";
      originSort = "0";
      useInstanceRenderData = "1";
      instanceColor = "White";
      instanceColor1 = "White";
      instanceColor2 = "White";
      collisionType = "Collision Mesh";
      decalType = "Collision Mesh";
      prebuildCollisionData = "0";
      renderNormals = "0";
      forceDetail = "-1";
      position = "-100.349701 -787.204834 113.348808";
      scale = "1 1 1";
      rotationMatrix = "0.739196301 -0.664466321 -0.109878331 0.66101712 0.74703908 -0.0706315562 0.129015699 -0.020420881 0.99143225";
      isRenderEnabled = "false";
      canSave = "1";
      canSaveDynamicFields = "1";
      persistentId = "56ee8065-a02f-4bbf-996f-ff00dcce2ea7";
   };
   new TSStatic() {
      shapeName = "/art/shapes/race/s_concrete_race_barrier.dae";
      dynamic = "0";
      playAmbient = "1";
      meshCulling = "0";
      originSort = "0";
      useInstanceRenderData = "1";
      instanceColor = "White";
      instanceColor1 = "White";
      instanceColor2 = "White";
      collisionType = "Collision Mesh";
      decalType = "Collision Mesh";
      prebuildCollisionData = "0";
      renderNormals = "0";
      forceDetail = "-1";
      position = "-97.4751587 -789.770691 113.266365";
      scale = "1 1 1";
      rotationMatrix = "0.745948315 -0.665831268 -0.0151575655 0.659948885 0.742037058 -0.117679641 0.0896022767 0.0777797103 0.992935896";
      isRenderEnabled = "false";
      canSave = "1";
      canSaveDynamicFields = "1";
      persistentId = "9e35b6c2-a5f1-403d-983e-5f5825657900";
   };
   new TSStatic() {
      shapeName = "/art/shapes/race/s_concrete_race_barrier.dae";
      dynamic = "0";
      playAmbient = "1";
      meshCulling = "0";
      originSort = "0";
      useInstanceRenderData = "1";
      instanceColor = "White";
      instanceColor1 = "White";
      instanceColor2 = "White";
      collisionType = "Collision Mesh";
      decalType = "Collision Mesh";
      prebuildCollisionData = "0";
      renderNormals = "0";
      forceDetail = "-1";
      position = "-352.232635 -713.186523 107.135239";
      scale = "1 1 1";
      rotationMatrix = "0.717498064 0.696124673 0.024634663 -0.696384072 0.716071784 0.0478582829 0.0156751499 -0.0514934137 0.998550296";
      isRenderEnabled = "false";
      canSave = "1";
      canSaveDynamicFields = "1";
      persistentId = "6e1a2af3-4cb1-4b0e-a433-ba28e202e7b9";
   };
   new TSStatic() {
      shapeName = "/art/shapes/race/s_concrete_race_barrier.dae";
      dynamic = "0";
      playAmbient = "1";
      meshCulling = "0";
      originSort = "0";
      useInstanceRenderData = "1";
      instanceColor = "White";
      instanceColor1 = "White";
      instanceColor2 = "White";
      collisionType = "Collision Mesh";
      decalType = "Collision Mesh";
      prebuildCollisionData = "0";
      renderNormals = "0";
      forceDetail = "-1";
      position = "-348.68866 -710.011475 107.220078";
      scale = "1 1 1";
      rotationMatrix = "0.718179762 0.695847392 -0.00376943685 -0.69537437 0.717872381 0.0333716497 0.025927553 -0.0213456731 0.999435902";
      isRenderEnabled = "false";
      canSave = "1";
      canSaveDynamicFields = "1";
      persistentId = "2955ece7-6218-4bf9-86b7-c2b2a04cd8d9";
   };
   new TSStatic() {
      shapeName = "/art/shapes/race/s_concrete_race_barrier.dae";
      dynamic = "0";
      playAmbient = "1";
      meshCulling = "0";
      originSort = "0";
      useInstanceRenderData = "1";
      instanceColor = "White";
      instanceColor1 = "White";
      instanceColor2 = "White";
      collisionType = "Collision Mesh";
      decalType = "Collision Mesh";
      prebuildCollisionData = "0";
      renderNormals = "0";
      forceDetail = "-1";
      position = "-442.34613 -747.149841 104.333176";
      scale = "1 1 1";
      rotationMatrix = "0.968463302 -0.247828618 0.025686074 0.248592749 0.968053937 -0.0327603593 -0.0167465508 0.0381125808 0.99913311";
      isRenderEnabled = "false";
      canSave = "1";
      canSaveDynamicFields = "1";
      persistentId = "8a7827a7-120c-4a8e-8c85-e87af8fe39c4";
   };
   new TSStatic() {
      shapeName = "/art/shapes/race/s_concrete_race_barrier.dae";
      dynamic = "0";
      playAmbient = "1";
      meshCulling = "0";
      originSort = "0";
      useInstanceRenderData = "1";
      instanceColor = "White";
      instanceColor1 = "White";
      instanceColor2 = "White";
      collisionType = "Collision Mesh";
      decalType = "Collision Mesh";
      prebuildCollisionData = "0";
      renderNormals = "0";
      forceDetail = "-1";
      position = "-438.783478 -748.057922 104.430809";
      scale = "1 1 1";
      rotationMatrix = "0.968874454 -0.246939331 -0.0174154323 0.247082382 0.968972206 0.00657296646 0.0152519448 -0.0106714265 0.999826729";
      isRenderEnabled = "false";
      canSave = "1";
      canSaveDynamicFields = "1";
      persistentId = "18064b06-f1e8-4704-8f25-6caaaecec29a";
   };
   new TSStatic() {
      shapeName = "/art/shapes/race/s_concrete_race_barrier.dae";
      dynamic = "0";
      playAmbient = "1";
      meshCulling = "0";
      originSort = "0";
      useInstanceRenderData = "1";
      instanceColor = "White";
      instanceColor1 = "White";
      instanceColor2 = "White";
      collisionType = "Collision Mesh";
      decalType = "Collision Mesh";
      prebuildCollisionData = "0";
      renderNormals = "0";
      forceDetail = "-1";
      position = "-875.586121 -824.60907 102.887001";
      scale = "1 1 1";
      rotationMatrix = "0.975354433 -0.220564216 0.00592701184 0.220512301 0.973493755 -0.0606975481 0.00761779817 0.0605086014 0.998138607";
      isRenderEnabled = "false";
      canSave = "1";
      canSaveDynamicFields = "1";
      persistentId = "31c0af60-8dcb-46f2-b6a2-8115a28feb45";
   };
   new TSStatic() {
      shapeName = "/art/shapes/race/s_concrete_race_barrier.dae";
      dynamic = "0";
      playAmbient = "1";
      meshCulling = "0";
      originSort = "0";
      useInstanceRenderData = "1";
      instanceColor = "White";
      instanceColor1 = "White";
      instanceColor2 = "White";
      collisionType = "Collision Mesh";
      decalType = "Collision Mesh";
      prebuildCollisionData = "0";
      renderNormals = "0";
      forceDetail = "-1";
      position = "-871.646667 -825.494873 103.030945";
      scale = "1 1 1";
      rotationMatrix = "0.975159466 -0.219249532 0.0315228552 0.220980927 0.972729385 -0.0704624578 -0.0152143436 0.0756780878 0.997016251";
      isRenderEnabled = "false";
      canSave = "1";
      canSaveDynamicFields = "1";
      persistentId = "6db6515f-6854-43ba-87a4-cc38fb982a6f";
   };
   new TSStatic() {
      shapeName = "/art/shapes/race/s_concrete_race_barrier.dae";
      dynamic = "0";
      playAmbient = "1";
      meshCulling = "0";
      originSort = "0";
      useInstanceRenderData = "1";
      instanceColor = "White";
      instanceColor1 = "White";
      instanceColor2 = "White";
      collisionType = "Collision Mesh";
      decalType = "Collision Mesh";
      prebuildCollisionData = "0";
      renderNormals = "0";
      forceDetail = "-1";
      position = "-868.209167 -826.269836 103.202309";
      scale = "1 1 1";
      rotationMatrix = "0.975378335 -0.219564363 0.0207026992 0.22024931 0.97460258 -0.0404979363 -0.0112849977 0.0440605655 0.998965144";
      isRenderEnabled = "false";
      canSave = "1";
      canSaveDynamicFields = "1";
      persistentId = "64c97d2a-170d-478a-8958-b9f0305caf4e";
   };
};
//--- OBJECT WRITE END ---










