{"name":"reversePrefab_group","class":"SimGroup","persistentId":"f3a8e1d9-50de-4aa8-b100-af4e1ca7d2c7","groupPosition":"0 0 0"}
{"class":"TSStatic","persistentId":"0f3a9575-0d8c-4f97-a298-41756c3b8cbc","__parent":"reversePrefab_group","position":[186.84964,-873.070312,116.033791],"isRenderEnabled":false,"rotationMatrix":[0.023758769,0.999717653,7.4505806e-09,-0.994141996,0.0236262679,-0.10546685,-0.105437078,0.00250574201,0.994422793],"shapeName":"/art/shapes/objects/arrowboard_R.dae","useInstanceRenderData":true}
{"class":"TSStatic","persistentId":"caf8c7e8-59df-4c4e-bc09-4a3ed671f31e","__parent":"reversePrefab_group","position":[444.487762,-190.160339,128.973663],"isRenderEnabled":false,"rotationMatrix":[0.708042979,0.705933869,-0.0182334408,-0.706126869,0.707481146,-0.0292442162,-0.00774467038,0.0335812829,0.99940598],"shapeName":"/art/shapes/objects/arrowboard_L.dae","useInstanceRenderData":true}
{"class":"TSStatic","persistentId":"d3521534-1903-4a15-b3fd-70f6344a4150","__parent":"reversePrefab_group","position":[559.60791,-742.545349,124.886032],"isRenderEnabled":false,"rotationMatrix":[-0.0196448565,0.996638238,-0.0795357823,-0.997209966,-0.0252616405,-0.0702413246,-0.0720144212,0.0779340044,0.994354188],"shapeName":"/art/shapes/objects/arrowboard_R.dae","useInstanceRenderData":true}
{"class":"TSStatic","persistentId":"eb086279-52b5-4ef5-bfea-95e48a67908e","__parent":"reversePrefab_group","position":[546.532837,-675.65387,123.230042],"isRenderEnabled":false,"rotationMatrix":[0.999690652,0,0.024871137,0,1,0,-0.024871137,0,0.999690652],"shapeName":"/art/shapes/objects/arrowboard_L.dae","useInstanceRenderData":true}
