{"name":"drag_3","class":"BeamNGWaypoint","persistentId":"210a5b7a-59b9-4a9f-8da4-fa770895e696","__parent":"p_drag_strip_l_group","position":[-634.940308,1852.63928,152.481522],"drawDebug":true,"mode":"Ignore","rotationMatrix":[-0.185704112,0.982605696,0.000134190981,-0.982605457,-0.185703874,-0.000677369884,-0.000640667626,-0.00025764716,0.999999762],"scale":[5.02547359,5.02547359,5.02547359]}
{"name":"drag_2","class":"BeamNGWaypoint","persistentId":"7dd57ace-3959-419d-b2c6-4c0d18e992cc","__parent":"p_drag_strip_l_group","position":[-618.179993,1855.41711,152.481522],"drawDebug":true,"mode":"Ignore","rotationMatrix":[-0.185704112,0.982605696,0.000134190981,-0.982605457,-0.185703874,-0.000677369884,-0.000640667626,-0.00025764716,0.999999762],"scale":[5.02547359,5.02547359,5.02547359]}
{"name":"drag_4","class":"BeamNGWaypoint","persistentId":"948c9c8d-d78d-4375-af7a-89b384973063","__parent":"p_drag_strip_l_group","position":[-1736.67029,1628.17859,152.481506],"drawDebug":true,"mode":"Ignore","rotationMatrix":[-0.185704112,0.982605696,0.000134190981,-0.982605457,-0.185703874,-0.000677369884,-0.000640667626,-0.00025764716,0.999999762],"scale":[5.02547359,5.02547359,5.02547359]}
{"class":"DecalRoad","persistentId":"86cdee2c-4f1b-48ad-be42-af836e339f60","__parent":"p_drag_strip_l_group","position":[-608.299316,1891.67102,151.205078],"drivability":1000,"improvedSpline":true,"material":"road_invisible","nodes":[[-608.299316,1891.67102,151.205078,10],[-636.745911,1854.68799,152.42157,10],[-935.973938,1791.33862,152.42157,10],[-1437.5929,1687.23657,152.42157,10],[-1792.75623,1612.29004,152.42157,10]],"oneWay":true}
{"name":"p_drag_strip_l_group","class":"SimGroup","persistentId":"cdd89e5b-5f3d-45fe-9162-833a4f083c2a","groupPosition":"-1238.2187749123 1721.5797916335 157.37861353037"}
{"name":"Redlight_L","class":"TSStatic","persistentId":"03aab2d8-b20e-4d85-8abf-a0de98bca4a5","__parent":"p_drag_strip_l_group","position":[-648.648254,1842.53418,153.770691],"hidden":true,"isRenderEnabled":false,"mode":"Ignore","rotationMatrix":[-0.982872128,-0.184287176,1.3921861e-05,0.184287116,-0.98287189,-0.000690393266,0.000140914053,-0.000676002936,0.999999762],"shapeName":"/art/shapes/race/dragstrip/christmas_tree_light_red.dae"}
{"name":"Stagelight_r","class":"TSStatic","persistentId":"095c89bc-b303-4328-b0c8-d21f5bea383e","__parent":"p_drag_strip_l_group","position":[-648.621399,1843.10107,155.095093],"hidden":true,"isRenderEnabled":false,"mode":"Ignore","rotationMatrix":[-0.982872128,-0.184287176,1.3921861e-05,0.184287116,-0.98287189,-0.000690393266,0.000140914053,-0.000676002936,0.999999762],"shapeName":"/art/shapes/race/dragstrip/prestagelight.dae"}
{"class":"TSStatic","persistentId":"168021c9-08c7-441a-b772-66af6cf9262e","__parent":"p_drag_strip_l_group","position":[-648.708862,1842.80688,151.552353],"isRenderEnabled":false,"mode":"Ignore","rotationMatrix":[-0.192873955,0.981223404,0,-0.981223404,-0.192873955,0,0,0,1],"shapeName":"/art/shapes/race/dragstrip/s_gm_dragstrip_tree.dae","useInstanceRenderData":true}
{"name":"display_time_2_r","class":"TSStatic","persistentId":"16e4e284-0ad6-4726-888f-a0f507ef7aa9","__parent":"p_drag_strip_l_group","position":[-1576.7113,1666.07898,160.646759],"allowPlayerStep0":"1","hidden":true,"instanceColor":[1,1,1,0],"isRenderEnabled":false,"mode":"Ignore","rotationMatrix":[0.220837295,-0.975310564,0,0.975310564,0.220837295,0,0,0,1],"scale":[5.4251461,5.4251461,5.01656675],"shapeName":"/art/shapes/quarter_mile_display/display_1.dae","useInstanceRenderData":true}
{"name":"Prestagelight_l","class":"TSStatic","persistentId":"1d2bc87d-6b0e-4dca-bbb9-2674bece7940","__parent":"p_drag_strip_l_group","position":[-648.490784,1842.40601,155.431885],"hidden":true,"isRenderEnabled":false,"mode":"Ignore","rotationMatrix":[-0.982872128,-0.184287176,1.3921861e-05,0.184287116,-0.98287189,-0.000690393266,0.000140914053,-0.000676002936,0.999999762],"shapeName":"/art/shapes/race/dragstrip/prestagelight.dae"}
{"name":"display_speed_2_l","class":"TSStatic","persistentId":"26c15c6f-3cba-4f69-b5f0-851580d44cdd","__parent":"p_drag_strip_l_group","position":[-1569.9906,1633.42871,159.486206],"allowPlayerStep0":"1","hidden":true,"instanceColor":[1,1,1,0],"isRenderEnabled":false,"mode":"Ignore","rotationMatrix":[0.214945138,-0.976626217,0,0.976626217,0.214945138,0,0,0,1],"scale":[5.02434826,5.02434826,5.02434826],"shapeName":"/art/shapes/quarter_mile_display/display_2.dae","useInstanceRenderData":true}
{"name":"display_speed_3_l","class":"TSStatic","persistentId":"2ef0d709-ba44-4721-a535-f0e57ae4fb63","__parent":"p_drag_strip_l_group","position":[-1706.57898,1605.88562,159.038864],"allowPlayerStep0":"1","hidden":true,"instanceColor":[1,1,1,0],"isRenderEnabled":false,"mode":"Ignore","rotationMatrix":[0.214945138,-0.976626217,0,0.976626217,0.214945138,0,0,0,1],"scale":[5.02434826,5.02434826,5.02434826],"shapeName":"/art/shapes/quarter_mile_display/display_4.dae","useInstanceRenderData":true}
{"name":"display_time_4_l","class":"TSStatic","persistentId":"4dbce679-df00-4f74-99ac-38a963cab6fb","__parent":"p_drag_strip_l_group","position":[-1570.30847,1634.76575,160.634949],"allowPlayerStep0":"1","hidden":true,"instanceColor":[1,1,1,0],"isRenderEnabled":false,"mode":"Ignore","rotationMatrix":[0.214945138,-0.976626217,0,0.976626217,0.214945138,0,0,0,1],"scale":[5.07662916,5.07662916,5.07662916],"shapeName":"/art/shapes/quarter_mile_display/display_2.dae","useInstanceRenderData":true}
{"name":"display_speed_4_r","class":"TSStatic","persistentId":"50d971dc-39cf-4ea0-b8e5-bf0701d5f730","__parent":"p_drag_strip_l_group","position":[-1577.04419,1667.44226,159.510101],"allowPlayerStep0":"1","hidden":true,"instanceColor":[1,1,1,0],"isRenderEnabled":false,"mode":"Ignore","rotationMatrix":[0.220837295,-0.975310564,0,0.975310564,0.220837295,0,0,0,1],"scale":[5.1250515,5.1250515,5.1250515],"shapeName":"/art/shapes/quarter_mile_display/display_8.dae","useInstanceRenderData":true}
{"name":"Stagelight_l","class":"TSStatic","persistentId":"51f9c790-a3ed-48a9-a1ed-abca831d5f79","__parent":"p_drag_strip_l_group","position":[-648.490356,1842.40723,155.098389],"hidden":true,"isRenderEnabled":false,"mode":"Ignore","rotationMatrix":[-0.982872128,-0.184287176,1.3921861e-05,0.184287116,-0.98287189,-0.000690393266,0.000140914053,-0.000676002936,0.999999762],"shapeName":"/art/shapes/race/dragstrip/prestagelight.dae"}
{"name":"display_time_2_l","class":"TSStatic","persistentId":"524042bf-0417-4f2a-b213-484d311e6435","__parent":"p_drag_strip_l_group","position":[-1569.98486,1633.4043,160.634949],"allowPlayerStep0":"1","hidden":true,"instanceColor":[1,1,1,0],"isRenderEnabled":false,"mode":"Ignore","rotationMatrix":[0.214945138,-0.976626217,0,0.976626217,0.214945138,0,0,0,1],"scale":[5.07662916,5.07662916,5.07662916],"shapeName":"/art/shapes/quarter_mile_display/display_1.dae","useInstanceRenderData":true}
{"name":"display_speed_5_r","class":"TSStatic","persistentId":"592c7408-317a-4c83-b203-b868db167bbb","__parent":"p_drag_strip_l_group","position":[-1577.21167,1668.12915,159.510101],"allowPlayerStep0":"1","hidden":true,"instanceColor":[1,1,1,0],"isRenderEnabled":false,"mode":"Ignore","rotationMatrix":[0.220837295,-0.975310564,0,0.975310564,0.220837295,0,0,0,1],"scale":[5.1250515,5.1250515,5.1250515],"shapeName":"/art/shapes/quarter_mile_display/display_5.dae","useInstanceRenderData":true}
{"name":"display_time_4_r","class":"TSStatic","persistentId":"615910f3-8ebb-4514-8a4a-6e0ea8cc13cd","__parent":"p_drag_strip_l_group","position":[-1577.03906,1667.42102,160.646759],"allowPlayerStep0":"1","hidden":true,"instanceColor":[1,1,1,0],"isRenderEnabled":false,"mode":"Ignore","rotationMatrix":[0.220837295,-0.975310564,0,0.975310564,0.220837295,0,0,0,1],"scale":[5.01656675,5.01656675,5.01656675],"shapeName":"/art/shapes/quarter_mile_display/display_7.dae","useInstanceRenderData":true}
{"name":"display_speed_period_l","class":"TSStatic","persistentId":"628f96c9-0f24-4daa-a193-a4671af11a04","__parent":"p_drag_strip_l_group","position":[-1570.28918,1634.68433,159.486206],"allowPlayerStep0":"1","instanceColor":[1,1,1,0],"isRenderEnabled":false,"mode":"Ignore","rotationMatrix":[0.214945138,-0.976626217,0,0.976626217,0.214945138,0,0,0,1],"scale":[5.02434826,5.02434826,5.02434826],"shapeName":"/art/shapes/quarter_mile_display/display_period.dae","useInstanceRenderData":true}
{"name":"Amberlight2_L","class":"TSStatic","persistentId":"62a68d38-2a43-4f0b-b245-56c7dfc72adf","__parent":"p_drag_strip_l_group","position":[-648.64801,1842.53589,154.520752],"hidden":true,"isRenderEnabled":false,"mode":"Ignore","rotationMatrix":[-0.982872128,-0.184287176,1.3921861e-05,0.184287116,-0.98287189,-0.000690393266,0.000140914053,-0.000676002936,0.999999762],"shapeName":"/art/shapes/race/dragstrip/christmas_tree_light_amber.dae"}
{"class":"TSStatic","persistentId":"67b6afa7-c879-4308-8fee-a0941b736d36","__parent":"p_drag_strip_l_group","position":[-1577.47559,1667.09314,158.804459],"isRenderEnabled":false,"mode":"Ignore","rotationMatrix":[0.204065382,-0.978957593,0,0.978957593,0.204065382,0,0,0,1],"shapeName":"/art/shapes/race/dragstrip/s_gm_dragstrip_timestand.dae","useInstanceRenderData":true}
{"name":"display_time_5_r","class":"TSStatic","persistentId":"91e8e810-b41d-41c1-96ae-9de444498036","__parent":"p_drag_strip_l_group","position":[-1577.20288,1668.09265,160.646759],"allowPlayerStep0":"1","hidden":true,"instanceColor":[1,1,1,0],"isRenderEnabled":false,"mode":"Ignore","rotationMatrix":[0.220837295,-0.975310564,0,0.975310564,0.220837295,0,0,0,1],"scale":[5.01656675,5.01656675,5.01656675],"shapeName":"/art/shapes/quarter_mile_display/display_5.dae","useInstanceRenderData":true}
{"class":"TSStatic","persistentId":"97fa1166-071d-4634-a832-d36e9a6d6765","__parent":"p_drag_strip_l_group","position":[-1570.27295,1634.49548,160.053497],"isRenderEnabled":false,"mode":"Ignore","rotationMatrix":[-0.204871058,0.978788793,0,-0.978788793,-0.204871058,0,0,0,1],"shapeName":"/art/shapes/race/dragstrip/s_gm_dragstrip_time.dae","useInstanceRenderData":true}
{"name":"Greenlight_L","class":"TSStatic","persistentId":"a3626f7e-6f75-4606-9e94-6fa4c9ec4d5f","__parent":"p_drag_strip_l_group","position":[-648.648743,1842.53589,154.020264],"hidden":true,"isRenderEnabled":false,"mode":"Ignore","rotationMatrix":[-0.982872128,-0.184287176,1.3921861e-05,0.184287116,-0.98287189,-0.000690393266,0.000140914053,-0.000676002936,0.999999762],"shapeName":"/art/shapes/race/dragstrip/christmas_tree_light_green.dae"}
{"name":"Prestagelight_r","class":"TSStatic","persistentId":"a4dc1929-314f-44c2-9d2c-a6108a7347ad","__parent":"p_drag_strip_l_group","position":[-648.619934,1843.10132,155.431763],"hidden":true,"isRenderEnabled":false,"mode":"Ignore","rotationMatrix":[-0.982872128,-0.184287176,1.3921861e-05,0.184287116,-0.98287189,-0.000690393266,0.000140914053,-0.000676002936,0.999999762],"shapeName":"/art/shapes/race/dragstrip/prestagelight.dae"}
{"name":"Amberlight1_L","class":"TSStatic","persistentId":"a5439cac-2b9c-47ee-ae3d-55ff28764945","__parent":"p_drag_strip_l_group","position":[-648.648987,1842.53613,154.772583],"hidden":true,"isRenderEnabled":false,"mode":"Ignore","rotationMatrix":[-0.982872128,-0.184287176,1.3921861e-05,0.184287116,-0.98287189,-0.000690393266,0.000140914053,-0.000676002936,0.999999762],"shapeName":"/art/shapes/race/dragstrip/christmas_tree_light_amber.dae"}
{"class":"TSStatic","persistentId":"ae6d0fdb-4832-4eca-9e86-f9011115b4bd","__parent":"p_drag_strip_l_group","position":[-1577.06067,1667.16565,160.053497],"isRenderEnabled":false,"mode":"Ignore","rotationMatrix":[-0.204871058,0.978788793,0,-0.978788793,-0.204871058,0,0,0,1],"shapeName":"/art/shapes/race/dragstrip/s_gm_dragstrip_time.dae","useInstanceRenderData":true}
{"name":"display_time_1_l","class":"TSStatic","persistentId":"af16f3c0-39c4-47a6-9dbf-389c2fedac91","__parent":"p_drag_strip_l_group","position":[-1569.82568,1632.73438,160.634949],"allowPlayerStep0":"1","hidden":true,"instanceColor":[1,1,1,0],"isRenderEnabled":false,"mode":"Ignore","rotationMatrix":[0.214945138,-0.976626217,0,0.976626217,0.214945138,0,0,0,1],"scale":[5.07662916,5.07662916,5.07662916],"shapeName":"/art/shapes/quarter_mile_display/display_1.dae","useInstanceRenderData":true}
{"name":"display_speed_4_l","class":"TSStatic","persistentId":"b4087971-bfdb-4e14-b094-7c26558af5ff","__parent":"p_drag_strip_l_group","position":[-1570.31128,1634.77698,159.486206],"allowPlayerStep0":"1","hidden":true,"instanceColor":[1,1,1,0],"isRenderEnabled":false,"mode":"Ignore","rotationMatrix":[0.214945138,-0.976626217,0,0.976626217,0.214945138,0,0,0,1],"scale":[5.02434826,5.02434826,5.02434826],"shapeName":"/art/shapes/quarter_mile_display/display_0.dae","useInstanceRenderData":true}
{"name":"display_time_3_r","class":"TSStatic","persistentId":"b45162f0-c0bb-45c1-a379-a7ce05e3e393","__parent":"p_drag_strip_l_group","position":[-1576.87903,1666.76587,160.646759],"allowPlayerStep0":"1","hidden":true,"instanceColor":[1,1,1,0],"isRenderEnabled":false,"mode":"Ignore","rotationMatrix":[0.220837295,-0.975310564,0,0.975310564,0.220837295,0,0,0,1],"scale":[5.01656675,5.01656675,5.01656675],"shapeName":"/art/shapes/quarter_mile_display/display_8.dae","useInstanceRenderData":true}
{"class":"TSStatic","persistentId":"b8b890e0-9982-4849-9f94-f87c86daefd9","__parent":"p_drag_strip_l_group","position":[-1570.71777,1634.34937,158.804459],"isRenderEnabled":false,"mode":"Ignore","rotationMatrix":[0.210018396,-0.977697372,0,0.977697372,0.210018396,0,0,0,1],"shapeName":"/art/shapes/race/dragstrip/s_gm_dragstrip_timestand.dae","useInstanceRenderData":true}
{"name":"Amberlight3_L","class":"TSStatic","persistentId":"ba03ba46-e2dd-4ae7-b1bd-5372b5e9025a","__parent":"p_drag_strip_l_group","position":[-648.647461,1842.53516,154.270508],"hidden":true,"isRenderEnabled":false,"mode":"Ignore","rotationMatrix":[-0.982872128,-0.184287176,1.3921861e-05,0.184287116,-0.98287189,-0.000690393266,0.000140914053,-0.000676002936,0.999999762],"shapeName":"/art/shapes/race/dragstrip/christmas_tree_light_amber.dae"}
{"name":"display_time_1_r","class":"TSStatic","persistentId":"c17c96a0-9465-489c-93cb-06df6d72199b","__parent":"p_drag_strip_l_group","position":[-1576.5498,1665.41748,160.646759],"allowPlayerStep0":"1","hidden":true,"instanceColor":[0.996078014,0.00392156979,0.0392156988,2],"isRenderEnabled":false,"mode":"Ignore","rotationMatrix":[0.220837295,-0.975310564,0,0.975310564,0.220837295,0,0,0,1],"scale":[5.01656675,5.01656675,5.01656675],"shapeName":"/art/shapes/quarter_mile_display/display_1.dae","useInstanceRenderData":true}
{"name":"display_speed_3_r","class":"TSStatic","persistentId":"c3e6feed-844c-4f0b-9d57-d8df639f7a33","__parent":"p_drag_strip_l_group","position":[-1576.88086,1666.77356,159.510101],"allowPlayerStep0":"1","hidden":true,"instanceColor":[1,1,1,0],"isRenderEnabled":false,"mode":"Ignore","rotationMatrix":[0.220837295,-0.975310564,0,0.975310564,0.220837295,0,0,0,1],"scale":[5.1250515,5.1250515,5.1250515],"shapeName":"/art/shapes/quarter_mile_display/display_1.dae","useInstanceRenderData":true}
{"name":"display_speed_1_r","class":"TSStatic","persistentId":"c4746d2b-29e2-4b30-a155-44f71215abdc","__parent":"p_drag_strip_l_group","position":[-1576.54346,1665.39148,159.510101],"allowPlayerStep0":"1","hidden":true,"instanceColor":[1,1,1,0],"isRenderEnabled":false,"mode":"Ignore","rotationMatrix":[0.220837295,-0.975310564,0,0.975310564,0.220837295,0,0,0,1],"scale":[5.1250515,5.1250515,5.1250515],"shapeName":"/art/shapes/quarter_mile_display/display_1.dae","useInstanceRenderData":true}
{"class":"TSStatic","persistentId":"cc7d72b3-7b1f-4d44-8224-19cc37c432eb","__parent":"p_drag_strip_l_group","position":[-1570.71777,1634.34937,154.313431],"isRenderEnabled":false,"mode":"Ignore","rotationMatrix":[0.210018396,-0.977697372,0,0.977697372,0.210018396,0,0,0,1],"shapeName":"/art/shapes/race/dragstrip/s_gm_dragstrip_timestand.dae","useInstanceRenderData":true}
{"name":"Amberlight1_R","class":"TSStatic","persistentId":"d15832fd-e578-4cc5-a563-177d0d0fd933","__parent":"p_drag_strip_l_group","position":[-648.75061,1843.08948,154.772583],"hidden":true,"isRenderEnabled":false,"mode":"Ignore","rotationMatrix":[-0.982872128,-0.184287176,1.3921861e-05,0.184287116,-0.98287189,-0.000690393266,0.000140914053,-0.000676002936,0.999999762],"shapeName":"/art/shapes/race/dragstrip/christmas_tree_light_amber.dae"}
{"name":"display_speed_1_l","class":"TSStatic","persistentId":"d36e74e8-1a1d-4c51-904e-378d9f6975d7","__parent":"p_drag_strip_l_group","position":[-1569.83313,1632.76599,159.486206],"allowPlayerStep0":"1","hidden":true,"instanceColor":[1,1,1,0],"isRenderEnabled":false,"mode":"Ignore","rotationMatrix":[0.214945138,-0.976626217,0,0.976626217,0.214945138,0,0,0,1],"scale":[5.02434826,5.02434826,5.02434826],"shapeName":"/art/shapes/quarter_mile_display/display_1.dae","useInstanceRenderData":true}
{"name":"display_time_5_l","class":"TSStatic","persistentId":"d41cc277-0c40-43ab-b35b-47f8ce597f7e","__parent":"p_drag_strip_l_group","position":[-1570.47009,1635.44507,160.634949],"allowPlayerStep0":"1","hidden":true,"instanceColor":[1,1,1,0],"isRenderEnabled":false,"mode":"Ignore","rotationMatrix":[0.214945138,-0.976626217,0,0.976626217,0.214945138,0,0,0,1],"scale":[5.07662916,5.07662916,5.07662916],"shapeName":"/art/shapes/quarter_mile_display/display_9.dae","useInstanceRenderData":true}
{"name":"Amberlight2_R","class":"TSStatic","persistentId":"d54cacbe-e433-4e62-803e-61483afda586","__parent":"p_drag_strip_l_group","position":[-648.74939,1843.08984,154.520752],"hidden":true,"isRenderEnabled":false,"mode":"Ignore","rotationMatrix":[-0.982872128,-0.184287176,1.3921861e-05,0.184287116,-0.98287189,-0.000690393266,0.000140914053,-0.000676002936,0.999999762],"shapeName":"/art/shapes/race/dragstrip/christmas_tree_light_amber.dae"}
{"name":"Greenlight_R","class":"TSStatic","persistentId":"d9dd18eb-b44c-4452-9789-5b7b6eb876de","__parent":"p_drag_strip_l_group","position":[-648.752014,1843.08923,154.021973],"hidden":true,"isRenderEnabled":false,"mode":"Ignore","rotationMatrix":[-0.982872128,-0.184287176,1.3921861e-05,0.184287116,-0.98287189,-0.000690393266,0.000140914053,-0.000676002936,0.999999762],"shapeName":"/art/shapes/race/dragstrip/christmas_tree_light_green.dae"}
{"name":"display_speed_2_r","class":"TSStatic","persistentId":"e2ba9457-9961-4a5b-bda2-520a05274e03","__parent":"p_drag_strip_l_group","position":[-1576.70886,1666.06909,159.510101],"allowPlayerStep0":"1","hidden":true,"instanceColor":[1,1,1,0],"isRenderEnabled":false,"mode":"Ignore","rotationMatrix":[0.220837295,-0.975310564,0,0.975310564,0.220837295,0,0,0,1],"scale":[5.1250515,5.1250515,5.1250515],"shapeName":"/art/shapes/quarter_mile_display/display_2.dae","useInstanceRenderData":true}
{"name":"Amberlight3_R","class":"TSStatic","persistentId":"e319a1c6-b3e9-4a1d-b6f6-feca0833b0e8","__parent":"p_drag_strip_l_group","position":[-648.751465,1843.08948,154.270264],"hidden":true,"isRenderEnabled":false,"mode":"Ignore","rotationMatrix":[-0.982872128,-0.184287176,1.3921861e-05,0.184287116,-0.98287189,-0.000690393266,0.000140914053,-0.000676002936,0.999999762],"shapeName":"/art/shapes/race/dragstrip/christmas_tree_light_amber.dae"}
{"name":"display_time_period_r","class":"TSStatic","persistentId":"e8745ce2-2a89-4b9d-bce8-9df787a58d1d","__parent":"p_drag_strip_l_group","position":[-1576.85095,1666.65125,160.646759],"allowPlayerStep0":"1","instanceColor":[1,1,1,0],"isRenderEnabled":false,"mode":"Ignore","rotationMatrix":[0.220837295,-0.975310564,0,0.975310564,0.220837295,0,0,0,1],"scale":[5.01656675,5.01656675,5.01656675],"shapeName":"/art/shapes/quarter_mile_display/display_period.dae","useInstanceRenderData":true}
{"name":"Redlight_R","class":"TSStatic","persistentId":"e97c444f-31cf-4be3-b45d-679f22fd2c35","__parent":"p_drag_strip_l_group","position":[-648.752625,1843.08923,153.770386],"hidden":true,"isRenderEnabled":false,"mode":"Ignore","rotationMatrix":[-0.982872128,-0.184287176,1.3921861e-05,0.184287116,-0.98287189,-0.000690393266,0.000140914053,-0.000676002936,0.999999762],"shapeName":"/art/shapes/race/dragstrip/christmas_tree_light_red.dae"}
{"name":"display_time_period_l","class":"TSStatic","persistentId":"ebd8a34a-b995-4a79-b532-4ce2c2692a23","__parent":"p_drag_strip_l_group","position":[-1570.12305,1633.98572,160.653625],"allowPlayerStep0":"1","instanceColor":[1,1,1,0],"isRenderEnabled":false,"mode":"Ignore","rotationMatrix":[0.214945138,-0.976626217,0,0.976626217,0.214945138,0,0,0,1],"scale":[5.07662916,5.07662916,5.07662916],"shapeName":"/art/shapes/quarter_mile_display/display_period.dae","useInstanceRenderData":true}
{"class":"TSStatic","persistentId":"f58e70b5-32ff-4173-8210-9906e1ba70e8","__parent":"p_drag_strip_l_group","position":[-1577.47559,1667.09314,154.313431],"isRenderEnabled":false,"mode":"Ignore","rotationMatrix":[0.204065382,-0.978957593,0,0.978957593,0.204065382,0,0,0,1],"shapeName":"/art/shapes/race/dragstrip/s_gm_dragstrip_timestand.dae","useInstanceRenderData":true}
{"name":"display_time_3_l","class":"TSStatic","persistentId":"f8d3e704-33ba-4c02-989a-72d0e98c4d30","__parent":"p_drag_strip_l_group","position":[-1570.15088,1634.10181,160.634949],"allowPlayerStep0":"1","hidden":true,"instanceColor":[1,1,1,0],"isRenderEnabled":false,"mode":"Ignore","rotationMatrix":[0.214945138,-0.976626217,0,0.976626217,0.214945138,0,0,0,1],"scale":[5.07662916,5.07662916,5.07662916],"shapeName":"/art/shapes/quarter_mile_display/display_5.dae","useInstanceRenderData":true}
{"name":"display_speed_5_l","class":"TSStatic","persistentId":"fd0a7d42-ba58-40ff-990b-a93256c6b1e8","__parent":"p_drag_strip_l_group","position":[-1570.47119,1635.4502,159.486206],"allowPlayerStep0":"1","hidden":true,"instanceColor":[1,1,1,0],"isRenderEnabled":false,"mode":"Ignore","rotationMatrix":[0.214945138,-0.976626217,0,0.976626217,0.214945138,0,0,0,1],"scale":[5.02434826,5.02434826,5.02434826],"shapeName":"/art/shapes/quarter_mile_display/display_6.dae","useInstanceRenderData":true}
{"name":"display_speed_period_r","class":"TSStatic","persistentId":"ff7d7898-a6f6-4600-961c-88c5c79432ff","__parent":"p_drag_strip_l_group","position":[-1577.02136,1667.349,159.510101],"allowPlayerStep0":"1","instanceColor":[1,1,1,0],"isRenderEnabled":false,"mode":"Ignore","rotationMatrix":[0.220837295,-0.975310564,0,0.975310564,0.220837295,0,0,0,1],"scale":[5.1250515,5.1250515,5.1250515],"shapeName":"/art/shapes/quarter_mile_display/display_period.dae","useInstanceRenderData":true}
