//--- OBJECT WRITE BEGIN ---
$ThisPrefab = new SimGroup() {
   canSave = "1";
   canSaveDynamicFields = "1";
      groupPosition = "0 0 0";

   new TSStatic() {
      shapeName = "/art/shapes/race/s_concrete_race_barrier.dae";
      dynamic = "0";
      playAmbient = "1";
      meshCulling = "0";
      originSort = "0";
      useInstanceRenderData = "1";
      instanceColor = "White";
      instanceColor1 = "White";
      instanceColor2 = "White";
      collisionType = "Collision Mesh";
      decalType = "Collision Mesh";
      prebuildCollisionData = "0";
      renderNormals = "0";
      forceDetail = "-1";
      position = "540.095154 483.012421 183.432343";
      scale = "1 1 1";
      rotationMatrix = "0.760265231 -0.648751676 -0.0334348194 0.649496853 0.758150399 0.0579801314 -0.0122660957 -0.0657960922 0.997757673";
      isRenderEnabled = "false";
      canSave = "1";
      canSaveDynamicFields = "1";
      persistentId = "ff17e3a4-6db9-414c-baa7-a4c1e6c39b98";
   };
   new TSStatic() {
      shapeName = "/art/shapes/race/s_concrete_race_barrier.dae";
      dynamic = "0";
      playAmbient = "1";
      meshCulling = "0";
      originSort = "0";
      useInstanceRenderData = "1";
      instanceColor = "White";
      instanceColor1 = "White";
      instanceColor2 = "White";
      collisionType = "Collision Mesh";
      decalType = "Collision Mesh";
      prebuildCollisionData = "0";
      renderNormals = "0";
      forceDetail = "-1";
      position = "-831.368896 755.183899 265.396698";
      scale = "1 1 1";
      rotationMatrix = "0.954032958 -0.299333513 -0.0148504172 0.299336255 0.954145432 -0.00208975747 0.0147949923 -0.00245157024 0.999887526";
      isRenderEnabled = "false";
      canSave = "1";
      canSaveDynamicFields = "1";
      persistentId = "0367c70a-c5d0-426d-9048-e2b82334c8ed";
   };
   new TSStatic() {
      shapeName = "/art/shapes/race/s_concrete_race_barrier.dae";
      dynamic = "0";
      playAmbient = "1";
      meshCulling = "0";
      originSort = "0";
      useInstanceRenderData = "1";
      instanceColor = "White";
      instanceColor1 = "White";
      instanceColor2 = "White";
      collisionType = "Collision Mesh";
      decalType = "Collision Mesh";
      prebuildCollisionData = "0";
      renderNormals = "0";
      forceDetail = "-1";
      position = "-338.904175 -881.922363 132.729919";
      scale = "1 1 1";
      rotationMatrix = "0.99994576 0.000331567047 0.0104118241 9.73360511e-05 0.999152303 -0.0411663391 -0.0104166484 0.0411651172 0.999098063";
      isRenderEnabled = "false";
      canSave = "1";
      canSaveDynamicFields = "1";
      persistentId = "c12e7953-5cd2-4439-b802-fc9a6976aa1f";
   };
   new TSStatic() {
      shapeName = "/art/shapes/race/s_concrete_race_barrier.dae";
      dynamic = "0";
      playAmbient = "1";
      meshCulling = "0";
      originSort = "0";
      useInstanceRenderData = "1";
      instanceColor = "White";
      instanceColor1 = "White";
      instanceColor2 = "White";
      collisionType = "Collision Mesh";
      decalType = "Collision Mesh";
      prebuildCollisionData = "0";
      renderNormals = "0";
      forceDetail = "-1";
      position = "-335.600128 -881.917847 132.738205";
      scale = "1 1 1";
      rotationMatrix = "0.999981582 0.000348176691 0.00605526706 -0.000209522608 0.999738097 -0.0228836723 -0.00606164848 0.022881981 0.999719799";
      isRenderEnabled = "false";
      canSave = "1";
      canSaveDynamicFields = "1";
      persistentId = "2cd0fc89-e28e-418e-81c5-7f8f0d4c92c7";
   };
   new TSStatic() {
      shapeName = "/art/shapes/race/s_concrete_race_barrier.dae";
      dynamic = "0";
      playAmbient = "1";
      meshCulling = "0";
      originSort = "0";
      useInstanceRenderData = "1";
      instanceColor = "White";
      instanceColor1 = "White";
      instanceColor2 = "White";
      collisionType = "Collision Mesh";
      decalType = "Collision Mesh";
      prebuildCollisionData = "0";
      renderNormals = "0";
      forceDetail = "-1";
      position = "-332.135406 -881.918579 132.686615";
      scale = "1 1 1";
      rotationMatrix = "0.999417841 -1.93079597e-11 -0.0341172814 -1.13744101e-11 1 -8.99126218e-10 0.0341172814 8.98990882e-10 0.999417841";
      isRenderEnabled = "false";
      canSave = "1";
      canSaveDynamicFields = "1";
      persistentId = "b6186fcf-724f-43c3-b656-a833d8e91c0e";
   };
   new TSStatic() {
      shapeName = "/art/shapes/race/s_concrete_race_barrier.dae";
      dynamic = "0";
      playAmbient = "1";
      meshCulling = "0";
      originSort = "0";
      useInstanceRenderData = "1";
      instanceColor = "White";
      instanceColor1 = "White";
      instanceColor2 = "White";
      collisionType = "Collision Mesh";
      decalType = "Collision Mesh";
      prebuildCollisionData = "0";
      renderNormals = "0";
      forceDetail = "-1";
      position = "-328.361084 -881.919495 132.53299";
      scale = "1 1 1";
      rotationMatrix = "0.998906076 7.05691491e-05 -0.0467610322 0.00028582837 0.999970973 0.00761494692 0.0467602126 -0.00761998259 0.998877108";
      isRenderEnabled = "false";
      canSave = "1";
      canSaveDynamicFields = "1";
      persistentId = "11abb16d-aed8-4945-af65-00821883b516";
   };
   new TSStatic() {
      shapeName = "/art/shapes/race/s_concrete_race_barrier.dae";
      dynamic = "0";
      playAmbient = "1";
      meshCulling = "0";
      originSort = "0";
      useInstanceRenderData = "1";
      instanceColor = "White";
      instanceColor1 = "White";
      instanceColor2 = "White";
      collisionType = "Collision Mesh";
      decalType = "Collision Mesh";
      prebuildCollisionData = "0";
      renderNormals = "0";
      forceDetail = "-1";
      position = "816.122314 -661.930481 147.921234";
      scale = "1 1 1";
      rotationMatrix = "0.196783662 0.980371237 0.0121855196 -0.980442524 0.196805179 -0.000578736886 -0.0029655518 -0.0118333139 0.999925613";
      isRenderEnabled = "false";
      canSave = "1";
      canSaveDynamicFields = "1";
      persistentId = "fca7b02d-21a0-41d8-bbc7-982dc21640ee";
   };
   new TSStatic() {
      shapeName = "/art/shapes/race/s_concrete_race_barrier.dae";
      dynamic = "0";
      playAmbient = "1";
      meshCulling = "0";
      originSort = "0";
      useInstanceRenderData = "1";
      instanceColor = "White";
      instanceColor1 = "White";
      instanceColor2 = "White";
      collisionType = "Collision Mesh";
      decalType = "Collision Mesh";
      prebuildCollisionData = "0";
      renderNormals = "0";
      forceDetail = "-1";
      position = "816.800415 -658.552002 147.921234";
      scale = "1 1 1";
      rotationMatrix = "0.196803927 0.980441451 0.00162821426 -0.980442405 0.19680506 -0.000578739156 -0.000887860544 -0.00148247229 0.99999851";
      isRenderEnabled = "false";
      canSave = "1";
      canSaveDynamicFields = "1";
      persistentId = "bebb0918-add0-4adf-abe4-2f9ec4f10c06";
   };
   new TSStatic() {
      shapeName = "/art/shapes/race/s_concrete_race_barrier.dae";
      dynamic = "0";
      playAmbient = "1";
      meshCulling = "0";
      originSort = "0";
      useInstanceRenderData = "1";
      instanceColor = "White";
      instanceColor1 = "White";
      instanceColor2 = "White";
      collisionType = "Collision Mesh";
      decalType = "Collision Mesh";
      prebuildCollisionData = "0";
      renderNormals = "0";
      forceDetail = "-1";
      position = "817.463684 -655.247803 147.921234";
      scale = "1 1 1";
      rotationMatrix = "0.196803153 0.980439723 0.00257605175 -0.980442464 0.196805239 -0.000578739389 -0.0010743998 -0.0024117725 0.999996543";
      isRenderEnabled = "false";
      canSave = "1";
      canSaveDynamicFields = "1";
      persistentId = "622d933b-819f-441e-9f4a-6b286ec51048";
   };
   new TSStatic() {
      shapeName = "/art/shapes/race/s_concrete_race_barrier.dae";
      dynamic = "0";
      playAmbient = "1";
      meshCulling = "0";
      originSort = "0";
      useInstanceRenderData = "1";
      instanceColor = "White";
      instanceColor1 = "White";
      instanceColor2 = "White";
      collisionType = "Collision Mesh";
      decalType = "Collision Mesh";
      prebuildCollisionData = "0";
      renderNormals = "0";
      forceDetail = "-1";
      position = "818.124939 -651.953491 147.921234";
      scale = "1 1 1";
      rotationMatrix = "0.196806312 0.980439484 -0.00231965678 -0.980442226 0.196805477 -0.00057873741 -0.000110896188 0.00238818885 0.999997139";
      isRenderEnabled = "false";
      canSave = "1";
      canSaveDynamicFields = "1";
      persistentId = "13888538-cd0d-43f4-9341-4abb32ed40ab";
   };
   new TSStatic() {
      shapeName = "/art/shapes/race/s_concrete_race_barrier.dae";
      dynamic = "0";
      playAmbient = "1";
      meshCulling = "0";
      originSort = "0";
      useInstanceRenderData = "1";
      instanceColor = "White";
      instanceColor1 = "White";
      instanceColor2 = "White";
      collisionType = "Collision Mesh";
      decalType = "Collision Mesh";
      prebuildCollisionData = "0";
      renderNormals = "0";
      forceDetail = "-1";
      position = "818.785217 -648.663879 147.921234";
      scale = "1 1 1";
      rotationMatrix = "0.196793556 0.98040992 0.00829884037 -0.980442584 0.196805 -0.000578739215 -0.00220065564 -0.00802264363 0.99996537";
      isRenderEnabled = "false";
      canSave = "1";
      canSaveDynamicFields = "1";
      persistentId = "fc1f6842-11cf-4441-8a51-b8165cefda0a";
   };
   new TSStatic() {
      shapeName = "/art/shapes/race/s_concrete_race_barrier.dae";
      dynamic = "0";
      playAmbient = "1";
      meshCulling = "0";
      originSort = "0";
      useInstanceRenderData = "1";
      instanceColor = "White";
      instanceColor1 = "White";
      instanceColor2 = "White";
      collisionType = "Collision Mesh";
      decalType = "Collision Mesh";
      prebuildCollisionData = "0";
      renderNormals = "0";
      forceDetail = "-1";
      position = "823.09259 -628.248413 147.748108";
      scale = "1 1 1";
      rotationMatrix = "0.196782351 0.98044163 0.003324633 -0.980345428 0.196809649 -0.0137471072 -0.0141325556 -0.000554099213 0.999899983";
      isRenderEnabled = "false";
      canSave = "1";
      canSaveDynamicFields = "1";
      persistentId = "26124d50-0c12-46fd-ad37-fb9cdc0bf266";
   };
   new TSStatic() {
      shapeName = "/art/shapes/race/s_concrete_race_barrier.dae";
      dynamic = "0";
      playAmbient = "1";
      meshCulling = "0";
      originSort = "0";
      useInstanceRenderData = "1";
      instanceColor = "White";
      instanceColor1 = "White";
      instanceColor2 = "White";
      collisionType = "Collision Mesh";
      decalType = "Collision Mesh";
      prebuildCollisionData = "0";
      renderNormals = "0";
      forceDetail = "-1";
      position = "822.359253 -631.90509 147.808899";
      scale = "1 1 1";
      rotationMatrix = "0.197081566 0.980192244 -0.019539658 -0.98020798 0.19662559 -0.0230320673 -0.0187338628 0.0236921255 0.999543786";
      isRenderEnabled = "false";
      canSave = "1";
      canSaveDynamicFields = "1";
      persistentId = "ecc09f7f-4bff-4b0a-8a1b-c51864384db7";
   };
   new TSStatic() {
      shapeName = "/art/shapes/race/s_concrete_race_barrier.dae";
      dynamic = "0";
      playAmbient = "1";
      meshCulling = "0";
      originSort = "0";
      useInstanceRenderData = "1";
      instanceColor = "White";
      instanceColor1 = "White";
      instanceColor2 = "White";
      collisionType = "Collision Mesh";
      decalType = "Collision Mesh";
      prebuildCollisionData = "0";
      renderNormals = "0";
      forceDetail = "-1";
      position = "821.640625 -635.492676 147.89064";
      scale = "1 1 1";
      rotationMatrix = "0.196903467 0.980395079 -0.0073668207 -0.980337858 0.196781993 -0.0146422042 -0.0129054897 0.0101050744 0.999865651";
      isRenderEnabled = "false";
      canSave = "1";
      canSaveDynamicFields = "1";
      persistentId = "0a229f6b-259b-40a5-8c8c-1b6071213813";
   };
   new TSStatic() {
      shapeName = "/art/shapes/race/s_concrete_race_barrier.dae";
      dynamic = "0";
      playAmbient = "1";
      meshCulling = "0";
      originSort = "0";
      useInstanceRenderData = "1";
      instanceColor = "White";
      instanceColor1 = "White";
      instanceColor2 = "White";
      collisionType = "Collision Mesh";
      decalType = "Collision Mesh";
      prebuildCollisionData = "0";
      renderNormals = "0";
      forceDetail = "-1";
      position = "819.447021 -645.366638 147.921234";
      scale = "1 1 1";
      rotationMatrix = "0.196800947 0.980434716 0.00413391739 -0.980442464 0.196804941 -0.00057874003 -0.00138099224 -0.00393917132 0.999991298";
      isRenderEnabled = "false";
      canSave = "1";
      canSaveDynamicFields = "1";
      persistentId = "f9c678be-08a7-4bad-9fc8-6334322b4de6";
   };
   new TSStatic() {
      shapeName = "/art/shapes/race/s_concrete_race_barrier.dae";
      dynamic = "0";
      playAmbient = "1";
      meshCulling = "0";
      originSort = "0";
      useInstanceRenderData = "1";
      instanceColor = "White";
      instanceColor1 = "White";
      instanceColor2 = "White";
      collisionType = "Collision Mesh";
      decalType = "Collision Mesh";
      prebuildCollisionData = "0";
      renderNormals = "0";
      forceDetail = "-1";
      position = "820.139465 -642.258423 147.922134";
      scale = "1 1 1";
      rotationMatrix = "0.196803272 0.98040849 -0.008218823 -0.980442345 0.196805239 -0.000578736654 0.00105010858 0.00817197934 0.999966085";
      isRenderEnabled = "false";
      canSave = "1";
      canSaveDynamicFields = "1";
      persistentId = "1958d3b0-2753-4052-b22c-8a0ad566f39b";
   };
   new TSStatic() {
      shapeName = "/art/shapes/race/s_concrete_race_barrier.dae";
      dynamic = "0";
      playAmbient = "1";
      meshCulling = "0";
      originSort = "0";
      useInstanceRenderData = "1";
      instanceColor = "White";
      instanceColor1 = "White";
      instanceColor2 = "White";
      collisionType = "Collision Mesh";
      decalType = "Collision Mesh";
      prebuildCollisionData = "0";
      renderNormals = "0";
      forceDetail = "-1";
      position = "820.934998 -639.008301 147.921234";
      scale = "1 1 1";
      rotationMatrix = "0.196805477 0.980429471 -0.00504383305 -0.980442345 0.19680512 -0.000578734791 0.000425242819 0.00505908672 0.999987125";
      isRenderEnabled = "false";
      canSave = "1";
      canSaveDynamicFields = "1";
      persistentId = "2dd39af1-ffbb-44f8-a07c-031261915e4e";
   };
   new TSStatic() {
      shapeName = "/art/shapes/race/s_concrete_race_barrier.dae";
      dynamic = "0";
      playAmbient = "1";
      meshCulling = "0";
      originSort = "0";
      useInstanceRenderData = "1";
      instanceColor = "White";
      instanceColor1 = "White";
      instanceColor2 = "White";
      collisionType = "Collision Mesh";
      decalType = "Collision Mesh";
      prebuildCollisionData = "0";
      renderNormals = "0";
      forceDetail = "-1";
      position = "-833.145691 749.041199 265.306488";
      scale = "1 1 1";
      rotationMatrix = "0.971363962 -0.237346083 -0.0109057603 0.237181276 0.965931833 0.10354092 -0.0140408138 -0.103162564 0.994565427";
      isRenderEnabled = "false";
      canSave = "1";
      canSaveDynamicFields = "1";
      persistentId = "8278a3e7-fd67-4166-90db-398afe0e1c4a";
   };
   new TSStatic() {
      shapeName = "/art/shapes/race/s_concrete_race_barrier.dae";
      dynamic = "0";
      playAmbient = "1";
      meshCulling = "0";
      originSort = "0";
      useInstanceRenderData = "1";
      instanceColor = "White";
      instanceColor1 = "White";
      instanceColor2 = "White";
      collisionType = "Collision Mesh";
      decalType = "Collision Mesh";
      prebuildCollisionData = "0";
      renderNormals = "0";
      forceDetail = "-1";
      position = "833.761047 -110.827271 144.690689";
      scale = "1 1 1";
      rotationMatrix = "-0.169260979 0.983796179 0.0591238067 -0.985537708 -0.168456316 -0.0183755346 -0.00811800174 -0.0613790117 0.998081505";
      isRenderEnabled = "false";
      canSave = "1";
      canSaveDynamicFields = "1";
      persistentId = "02b2eb0e-997a-4997-b22b-1b17f2a2d828";
   };
   new TSStatic() {
      shapeName = "/art/shapes/race/s_concrete_race_barrier.dae";
      dynamic = "0";
      playAmbient = "1";
      meshCulling = "0";
      originSort = "0";
      useInstanceRenderData = "1";
      instanceColor = "White";
      instanceColor1 = "White";
      instanceColor2 = "White";
      collisionType = "Collision Mesh";
      decalType = "Collision Mesh";
      prebuildCollisionData = "0";
      renderNormals = "0";
      forceDetail = "-1";
      position = "834.41095 -114.618225 144.608856";
      scale = "1 1 1";
      rotationMatrix = "-0.168162823 0.985630929 0.0159098692 -0.98528713 -0.167560935 -0.0336567238 -0.030507233 -0.0213355981 0.999306798";
      isRenderEnabled = "false";
      canSave = "1";
      canSaveDynamicFields = "1";
      persistentId = "49d8c708-4585-4b09-803b-2bd11c989b9d";
   };
   new TSStatic() {
      shapeName = "/art/shapes/race/s_concrete_race_barrier.dae";
      dynamic = "0";
      playAmbient = "1";
      meshCulling = "0";
      originSort = "0";
      useInstanceRenderData = "1";
      instanceColor = "White";
      instanceColor1 = "White";
      instanceColor2 = "White";
      collisionType = "Collision Mesh";
      decalType = "Collision Mesh";
      prebuildCollisionData = "0";
      renderNormals = "0";
      forceDetail = "-1";
      position = "835.079407 -118.562263 144.586853";
      scale = "1 1 1";
      rotationMatrix = "-0.167199135 0.985119581 -0.0397983342 -0.985906839 -0.166827798 0.0124986172 0.00567316264 0.0413272083 0.999129534";
      isRenderEnabled = "false";
      canSave = "1";
      canSaveDynamicFields = "1";
      persistentId = "2dcad3d0-62f0-4ff9-b334-b0dc2003f8a2";
   };
   new TSStatic() {
      shapeName = "/art/shapes/race/s_concrete_race_barrier.dae";
      dynamic = "0";
      playAmbient = "1";
      meshCulling = "0";
      originSort = "0";
      useInstanceRenderData = "1";
      instanceColor = "White";
      instanceColor1 = "White";
      instanceColor2 = "White";
      collisionType = "Collision Mesh";
      decalType = "Collision Mesh";
      prebuildCollisionData = "0";
      renderNormals = "0";
      forceDetail = "-1";
      position = "842.834473 -252.522629 144.101196";
      scale = "1 1 1";
      rotationMatrix = "0.162007332 -0.986767173 0.00665010139 0.985513568 0.162136793 0.0497466475 -0.0501665808 -0.00150555931 0.998739719";
      isRenderEnabled = "false";
      canSave = "1";
      canSaveDynamicFields = "1";
      persistentId = "5010483a-819e-4cad-9e66-7833c39c228c";
   };
   new TSStatic() {
      shapeName = "/art/shapes/race/s_concrete_race_barrier.dae";
      dynamic = "0";
      playAmbient = "1";
      meshCulling = "0";
      originSort = "0";
      useInstanceRenderData = "1";
      instanceColor = "White";
      instanceColor1 = "White";
      instanceColor2 = "White";
      collisionType = "Collision Mesh";
      decalType = "Collision Mesh";
      prebuildCollisionData = "0";
      renderNormals = "0";
      forceDetail = "-1";
      position = "842.162659 -248.402649 144.068405";
      scale = "1 1 1";
      rotationMatrix = "0.160750866 -0.986986995 0.00396938249 0.984140635 0.160590351 0.075351052 -0.0750079602 -0.00820630789 0.997149169";
      isRenderEnabled = "false";
      canSave = "1";
      canSaveDynamicFields = "1";
      persistentId = "4bc46613-71b4-476d-a19e-559830ba3abc";
   };
   new TSStatic() {
      shapeName = "/art/shapes/race/s_concrete_race_barrier.dae";
      dynamic = "0";
      playAmbient = "1";
      meshCulling = "0";
      originSort = "0";
      useInstanceRenderData = "1";
      instanceColor = "White";
      instanceColor1 = "White";
      instanceColor2 = "White";
      collisionType = "Collision Mesh";
      decalType = "Collision Mesh";
      prebuildCollisionData = "0";
      renderNormals = "0";
      forceDetail = "-1";
      position = "840.827332 -240.272873 144.080811";
      scale = "1 1 1";
      rotationMatrix = "0.160679936 -0.986769378 -0.0216352493 0.986972034 0.160452545 0.0118779279 -0.00824934617 -0.0232619308 0.999695361";
      isRenderEnabled = "false";
      canSave = "1";
      canSaveDynamicFields = "1";
      persistentId = "a4b033f9-c424-42c5-b271-2b305546b387";
   };
   new TSStatic() {
      shapeName = "/art/shapes/race/s_concrete_race_barrier.dae";
      dynamic = "0";
      playAmbient = "1";
      meshCulling = "0";
      originSort = "0";
      useInstanceRenderData = "1";
      instanceColor = "White";
      instanceColor1 = "White";
      instanceColor2 = "White";
      collisionType = "Collision Mesh";
      decalType = "Collision Mesh";
      prebuildCollisionData = "0";
      renderNormals = "0";
      forceDetail = "-1";
      position = "841.49823 -244.364914 144.070694";
      scale = "1 1 1";
      rotationMatrix = "0.161779761 -0.986816108 0.00463029556 0.986023843 0.161835551 0.0395784602 -0.0398060083 -0.00183741562 0.999205709";
      isRenderEnabled = "false";
      canSave = "1";
      canSaveDynamicFields = "1";
      persistentId = "fa232f81-d4c6-4fbb-94a1-1928a67f744a";
   };
   new TSStatic() {
      shapeName = "/art/shapes/race/s_concrete_race_barrier.dae";
      dynamic = "0";
      playAmbient = "1";
      meshCulling = "0";
      originSort = "0";
      useInstanceRenderData = "1";
      instanceColor = "White";
      instanceColor1 = "White";
      instanceColor2 = "White";
      collisionType = "Collision Mesh";
      decalType = "Collision Mesh";
      prebuildCollisionData = "0";
      renderNormals = "0";
      forceDetail = "-1";
      position = "829.943176 -166.089966 144.257935";
      scale = "1 1 1";
      rotationMatrix = "0.161693454 -0.986587822 -0.0223502833 0.986354649 0.162283182 -0.0277207941 0.0309760738 -0.017563045 0.999365807";
      isRenderEnabled = "false";
      canSave = "1";
      canSaveDynamicFields = "1";
      persistentId = "4090b571-4944-4ba2-8e7d-8e6ed2e0b42c";
   };
   new TSStatic() {
      shapeName = "/art/shapes/race/s_concrete_race_barrier.dae";
      dynamic = "0";
      playAmbient = "1";
      meshCulling = "0";
      originSort = "0";
      useInstanceRenderData = "1";
      instanceColor = "White";
      instanceColor1 = "White";
      instanceColor2 = "White";
      collisionType = "Collision Mesh";
      decalType = "Collision Mesh";
      prebuildCollisionData = "0";
      renderNormals = "0";
      forceDetail = "-1";
      position = "829.269287 -161.969955 144.270035";
      scale = "1 1 1";
      rotationMatrix = "0.161183476 -0.986873209 -0.0100497156 0.986878455 0.161069334 0.0112897977 -0.00952289999 -0.0117375776 0.999885738";
      isRenderEnabled = "false";
      canSave = "1";
      canSaveDynamicFields = "1";
      persistentId = "8733e111-df0c-422b-8636-80601fc14fd5";
   };
   new TSStatic() {
      shapeName = "/art/shapes/race/s_concrete_race_barrier.dae";
      dynamic = "0";
      playAmbient = "1";
      meshCulling = "0";
      originSort = "0";
      useInstanceRenderData = "1";
      instanceColor = "White";
      instanceColor1 = "White";
      instanceColor2 = "White";
      collisionType = "Collision Mesh";
      decalType = "Collision Mesh";
      prebuildCollisionData = "0";
      renderNormals = "0";
      forceDetail = "-1";
      position = "827.936646 -153.840179 144.322968";
      scale = "1 1 1";
      rotationMatrix = "0.160262227 -0.987039149 -0.00833965745 0.987066329 0.160289228 -0.00267065619 0.00397279859 -0.00780379213 0.999961674";
      isRenderEnabled = "false";
      canSave = "1";
      canSaveDynamicFields = "1";
      persistentId = "ac0c9c65-2b77-4ba1-9d2b-342711f05fff";
   };
   new TSStatic() {
      shapeName = "/art/shapes/race/s_concrete_race_barrier.dae";
      dynamic = "0";
      playAmbient = "1";
      meshCulling = "0";
      originSort = "0";
      useInstanceRenderData = "1";
      instanceColor = "White";
      instanceColor1 = "White";
      instanceColor2 = "White";
      collisionType = "Collision Mesh";
      decalType = "Collision Mesh";
      prebuildCollisionData = "0";
      renderNormals = "0";
      forceDetail = "-1";
      position = "828.606934 -157.932251 144.288651";
      scale = "1 1 1";
      rotationMatrix = "0.161624908 -0.986828744 -0.00681352429 0.986614048 0.161733747 -0.0208542775 0.021681577 -0.00335174799 0.999759316";
      isRenderEnabled = "false";
      canSave = "1";
      canSaveDynamicFields = "1";
      persistentId = "0abc358a-f8d0-4241-b9b9-b327676713d7";
   };
   new TSStatic() {
      shapeName = "/art/shapes/race/s_concrete_race_barrier.dae";
      dynamic = "0";
      playAmbient = "1";
      meshCulling = "0";
      originSort = "0";
      useInstanceRenderData = "1";
      instanceColor = "White";
      instanceColor1 = "White";
      instanceColor2 = "White";
      collisionType = "Collision Mesh";
      decalType = "Collision Mesh";
      prebuildCollisionData = "0";
      renderNormals = "0";
      forceDetail = "-1";
      position = "827.338745 -150.048431 144.361359";
      scale = "1 1 1";
      rotationMatrix = "0.161624074 -0.986850202 -0.00213691406 0.985881627 0.161368608 0.044697497 -0.0437648967 -0.0093309395 0.998998284";
      isRenderEnabled = "false";
      canSave = "1";
      canSaveDynamicFields = "1";
      persistentId = "3404ad76-fc3b-4707-84d4-36ceb72cdcc8";
   };
   new TSStatic() {
      shapeName = "/art/shapes/race/s_concrete_race_barrier.dae";
      dynamic = "0";
      playAmbient = "1";
      meshCulling = "0";
      originSort = "0";
      useInstanceRenderData = "1";
      instanceColor = "White";
      instanceColor1 = "White";
      instanceColor2 = "White";
      collisionType = "Collision Mesh";
      decalType = "Collision Mesh";
      prebuildCollisionData = "0";
      renderNormals = "0";
      forceDetail = "-1";
      position = "826.664551 -145.928741 144.383362";
      scale = "1 1 1";
      rotationMatrix = "0.160661817 -0.98700428 0.00316150486 0.983739257 0.160389245 0.080821678 -0.0802784264 -0.00987485051 0.996723592";
      isRenderEnabled = "false";
      canSave = "1";
      canSaveDynamicFields = "1";
      persistentId = "f7d1c621-fe3c-42f5-bb95-78fbbb12fe57";
   };
   new TSStatic() {
      shapeName = "/art/shapes/race/s_concrete_race_barrier.dae";
      dynamic = "0";
      playAmbient = "1";
      meshCulling = "0";
      originSort = "0";
      useInstanceRenderData = "1";
      instanceColor = "White";
      instanceColor1 = "White";
      instanceColor2 = "White";
      collisionType = "Collision Mesh";
      decalType = "Collision Mesh";
      prebuildCollisionData = "0";
      renderNormals = "0";
      forceDetail = "-1";
      position = "825.332214 -137.798645 144.465332";
      scale = "1 1 1";
      rotationMatrix = "0.162827253 -0.986550808 -0.0143135674 0.983146906 0.161009073 0.0865933597 -0.083124131 -0.0281721018 0.996140897";
      isRenderEnabled = "false";
      canSave = "1";
      canSaveDynamicFields = "1";
      persistentId = "c92d2ec4-7a16-4d27-92e3-5544eefdd37a";
   };
   new TSStatic() {
      shapeName = "/art/shapes/race/s_concrete_race_barrier.dae";
      dynamic = "0";
      playAmbient = "1";
      meshCulling = "0";
      originSort = "0";
      useInstanceRenderData = "1";
      instanceColor = "White";
      instanceColor1 = "White";
      instanceColor2 = "White";
      collisionType = "Collision Mesh";
      decalType = "Collision Mesh";
      prebuildCollisionData = "0";
      renderNormals = "0";
      forceDetail = "-1";
      position = "826.002502 -141.890717 144.426178";
      scale = "1 1 1";
      rotationMatrix = "0.161955893 -0.986775339 -0.0066918619 0.983327687 0.160814404 0.08488556 -0.0826868266 -0.0203280151 0.996368229";
      isRenderEnabled = "false";
      canSave = "1";
      canSaveDynamicFields = "1";
      persistentId = "74c7be79-d6b5-4c81-924b-48eecb511c45";
   };
   new TSStatic() {
      shapeName = "/art/shapes/race/s_concrete_race_barrier.dae";
      dynamic = "0";
      playAmbient = "1";
      meshCulling = "0";
      originSort = "0";
      useInstanceRenderData = "1";
      instanceColor = "White";
      instanceColor1 = "White";
      instanceColor2 = "White";
      collisionType = "Collision Mesh";
      decalType = "Collision Mesh";
      prebuildCollisionData = "0";
      renderNormals = "0";
      forceDetail = "-1";
      position = "794.903198 -17.995966 147.223541";
      scale = "1 1 1";
      rotationMatrix = "0.356324613 -0.933807075 -0.0322012641 0.934360921 0.356055856 0.0139203286 -0.00153345987 -0.0350477584 0.999384463";
      isRenderEnabled = "false";
      canSave = "1";
      canSaveDynamicFields = "1";
      persistentId = "02962dcc-fc43-4aa2-8abc-da699ec95dbe";
   };
   new TSStatic() {
      shapeName = "/art/shapes/race/s_concrete_race_barrier.dae";
      dynamic = "0";
      playAmbient = "1";
      meshCulling = "0";
      originSort = "0";
      useInstanceRenderData = "1";
      instanceColor = "White";
      instanceColor1 = "White";
      instanceColor2 = "White";
      collisionType = "Collision Mesh";
      decalType = "Collision Mesh";
      prebuildCollisionData = "0";
      renderNormals = "0";
      forceDetail = "-1";
      position = "793.417664 -14.0949507 147.34462";
      scale = "1 1 1";
      rotationMatrix = "0.356169581 -0.933963239 -0.0292576216 0.934186161 0.355202854 0.0335742943 -0.0209647566 -0.0392902084 0.999007881";
      isRenderEnabled = "false";
      canSave = "1";
      canSaveDynamicFields = "1";
      persistentId = "903d1b9d-4ede-401c-981b-e3d134d8caa6";
   };
   new TSStatic() {
      shapeName = "/art/shapes/race/s_concrete_race_barrier.dae";
      dynamic = "0";
      playAmbient = "1";
      meshCulling = "0";
      originSort = "0";
      useInstanceRenderData = "1";
      instanceColor = "White";
      instanceColor1 = "White";
      instanceColor2 = "White";
      collisionType = "Collision Mesh";
      decalType = "Collision Mesh";
      prebuildCollisionData = "0";
      renderNormals = "0";
      forceDetail = "-1";
      position = "791.960449 -10.2710609 147.439957";
      scale = "1 1 1";
      rotationMatrix = "0.35624826 -0.934262455 -0.0155219799 0.934076011 0.355647266 0.0318930671 -0.0242761411 -0.0258605573 0.999370754";
      isRenderEnabled = "false";
      canSave = "1";
      canSaveDynamicFields = "1";
      persistentId = "443cd08e-f63b-4b3e-918c-490d50c27e8d";
   };
   new TSStatic() {
      shapeName = "/art/shapes/race/s_concrete_race_barrier.dae";
      dynamic = "0";
      playAmbient = "1";
      meshCulling = "0";
      originSort = "0";
      useInstanceRenderData = "1";
      instanceColor = "White";
      instanceColor1 = "White";
      instanceColor2 = "White";
      collisionType = "Collision Mesh";
      decalType = "Collision Mesh";
      prebuildCollisionData = "0";
      renderNormals = "0";
      forceDetail = "-1";
      position = "790.484314 -6.39608479 147.467697";
      scale = "1 1 1";
      rotationMatrix = "0.35612154 -0.934416533 -0.00658027595 0.934414983 0.356052101 0.00977464113 -0.00679066358 -0.0096296696 0.999930561";
      isRenderEnabled = "false";
      canSave = "1";
      canSaveDynamicFields = "1";
      persistentId = "2fda5974-693d-488e-af56-87a02413136e";
   };
   new TSStatic() {
      shapeName = "/art/shapes/race/s_concrete_race_barrier.dae";
      dynamic = "0";
      playAmbient = "1";
      meshCulling = "0";
      originSort = "0";
      useInstanceRenderData = "1";
      instanceColor = "White";
      instanceColor1 = "White";
      instanceColor2 = "White";
      collisionType = "Collision Mesh";
      decalType = "Collision Mesh";
      prebuildCollisionData = "0";
      renderNormals = "0";
      forceDetail = "-1";
      position = "695.380005 359.660767 145.263641";
      scale = "1 1 1";
      rotationMatrix = "-0.0217496157 -0.99878782 0.0441616178 0.999508202 -0.0227212906 -0.0216209255 0.022598112 0.0436696447 0.998790383";
      isRenderEnabled = "false";
      canSave = "1";
      canSaveDynamicFields = "1";
      persistentId = "c4ce4823-8588-4693-85d9-eb31a31807f1";
   };
   new TSStatic() {
      shapeName = "/art/shapes/race/s_concrete_race_barrier.dae";
      dynamic = "0";
      playAmbient = "1";
      meshCulling = "0";
      originSort = "0";
      useInstanceRenderData = "1";
      instanceColor = "White";
      instanceColor1 = "White";
      instanceColor2 = "White";
      collisionType = "Collision Mesh";
      decalType = "Collision Mesh";
      prebuildCollisionData = "0";
      renderNormals = "0";
      forceDetail = "-1";
      position = "695.785095 355.687592 145.306396";
      scale = "1 1 1";
      rotationMatrix = "0.280084074 -0.958822012 -0.0470437072 0.957962632 0.282332718 -0.0509472638 0.0621313341 -0.0307966042 0.997592747";
      isRenderEnabled = "false";
      canSave = "1";
      canSaveDynamicFields = "1";
      persistentId = "198a6946-4210-4a48-9004-890a2f88966f";
   };
   new TSStatic() {
      shapeName = "/art/shapes/race/s_concrete_race_barrier.dae";
      dynamic = "0";
      playAmbient = "1";
      meshCulling = "0";
      originSort = "0";
      useInstanceRenderData = "1";
      instanceColor = "White";
      instanceColor1 = "White";
      instanceColor2 = "White";
      collisionType = "Collision Mesh";
      decalType = "Collision Mesh";
      prebuildCollisionData = "0";
      renderNormals = "0";
      forceDetail = "-1";
      position = "697.573303 351.502502 145.071289";
      scale = "1 1 1";
      rotationMatrix = "0.538160563 -0.841153443 -0.0533294342 0.840899527 0.540137887 -0.0337494723 0.05719373 -0.0266820639 0.998006463";
      isRenderEnabled = "false";
      canSave = "1";
      canSaveDynamicFields = "1";
      persistentId = "d5d116f5-c088-49b3-9215-3b184cb78a10";
   };
   new TSStatic() {
      shapeName = "/art/shapes/race/s_concrete_race_barrier.dae";
      dynamic = "0";
      playAmbient = "1";
      meshCulling = "0";
      originSort = "0";
      useInstanceRenderData = "1";
      instanceColor = "White";
      instanceColor1 = "White";
      instanceColor2 = "White";
      collisionType = "Collision Mesh";
      decalType = "Collision Mesh";
      prebuildCollisionData = "0";
      renderNormals = "0";
      forceDetail = "-1";
      position = "700.60376 348.371735 144.806854";
      scale = "1 1 1";
      rotationMatrix = "0.881519675 -0.469430774 -0.0505749285 0.470955998 0.881840885 0.0236029197 0.0335190967 -0.0446250066 0.998441339";
      isRenderEnabled = "false";
      canSave = "1";
      canSaveDynamicFields = "1";
      persistentId = "15da25ec-c7b4-4da5-a920-45769ddced3d";
   };
   new TSStatic() {
      shapeName = "/art/shapes/race/s_concrete_race_barrier.dae";
      dynamic = "0";
      playAmbient = "1";
      meshCulling = "0";
      originSort = "0";
      useInstanceRenderData = "1";
      instanceColor = "White";
      instanceColor1 = "White";
      instanceColor2 = "White";
      collisionType = "Collision Mesh";
      decalType = "Collision Mesh";
      prebuildCollisionData = "0";
      renderNormals = "0";
      forceDetail = "-1";
      position = "704.756653 346.517975 144.522125";
      scale = "1 1 1";
      rotationMatrix = "0.965809226 -0.252108067 -0.0604491606 0.254284352 0.966619968 0.0313898474 0.0505177304 -0.0456878841 0.997677565";
      isRenderEnabled = "false";
      canSave = "1";
      canSaveDynamicFields = "1";
      persistentId = "0e50ac92-3d72-473d-aae4-369fd864a63f";
   };
   new TSStatic() {
      shapeName = "/art/shapes/race/s_concrete_race_barrier.dae";
      dynamic = "0";
      playAmbient = "1";
      meshCulling = "0";
      originSort = "0";
      useInstanceRenderData = "1";
      instanceColor = "White";
      instanceColor1 = "White";
      instanceColor2 = "White";
      collisionType = "Collision Mesh";
      decalType = "Collision Mesh";
      prebuildCollisionData = "0";
      renderNormals = "0";
      forceDetail = "-1";
      position = "708.995728 345.408875 144.283478";
      scale = "1 1 1";
      rotationMatrix = "0.966210544 -0.252396673 -0.0522786342 0.253129929 0.967400789 0.0078054443 0.0486043207 -0.0207749903 0.998602033";
      isRenderEnabled = "false";
      canSave = "1";
      canSaveDynamicFields = "1";
      persistentId = "abac4aa7-c6cf-4895-bebe-49140b236e1b";
   };
   new TSStatic() {
      shapeName = "/art/shapes/race/s_concrete_race_barrier.dae";
      dynamic = "0";
      playAmbient = "1";
      meshCulling = "0";
      originSort = "0";
      useInstanceRenderData = "1";
      instanceColor = "White";
      instanceColor1 = "White";
      instanceColor2 = "White";
      collisionType = "Collision Mesh";
      decalType = "Collision Mesh";
      prebuildCollisionData = "0";
      renderNormals = "0";
      forceDetail = "-1";
      position = "428.270935 509.162964 184.752823";
      scale = "1 1 1";
      rotationMatrix = "-0.259171844 -0.965191066 -0.0351537131 0.965718567 -0.258414626 -0.0246799178 0.0147365993 -0.0403449424 0.999077141";
      isRenderEnabled = "false";
      canSave = "1";
      canSaveDynamicFields = "1";
      persistentId = "ef84dbb0-de36-4947-afd5-af4577409938";
   };
   new TSStatic() {
      shapeName = "/art/shapes/race/s_concrete_race_barrier.dae";
      dynamic = "0";
      playAmbient = "1";
      meshCulling = "0";
      originSort = "0";
      useInstanceRenderData = "1";
      instanceColor = "White";
      instanceColor1 = "White";
      instanceColor2 = "White";
      collisionType = "Collision Mesh";
      decalType = "Collision Mesh";
      prebuildCollisionData = "0";
      renderNormals = "0";
      forceDetail = "-1";
      position = "427.887054 504.806824 184.447723";
      scale = "1 1 1";
      rotationMatrix = "0.195847929 -0.976592064 -0.0889456868 0.980078459 0.197983384 -0.0157700069 0.0330106318 -0.084085241 0.995911598";
      isRenderEnabled = "false";
      canSave = "1";
      canSaveDynamicFields = "1";
      persistentId = "46090362-edb2-4bef-8290-c4e366709a58";
   };
   new TSStatic() {
      shapeName = "/art/shapes/race/s_concrete_race_barrier.dae";
      dynamic = "0";
      playAmbient = "1";
      meshCulling = "0";
      originSort = "0";
      useInstanceRenderData = "1";
      instanceColor = "White";
      instanceColor1 = "White";
      instanceColor2 = "White";
      collisionType = "Collision Mesh";
      decalType = "Collision Mesh";
      prebuildCollisionData = "0";
      renderNormals = "0";
      forceDetail = "-1";
      position = "429.482422 500.997803 184.103989";
      scale = "1 1 1";
      rotationMatrix = "0.558914423 -0.826695085 -0.0647307187 0.829224586 0.557320058 0.0422027223 0.00118695199 -0.0772640109 0.997009933";
      isRenderEnabled = "false";
      canSave = "1";
      canSaveDynamicFields = "1";
      persistentId = "998dce76-bf6d-4aaa-9b71-e54f84412a08";
   };
   new TSStatic() {
      shapeName = "/art/shapes/race/s_concrete_race_barrier.dae";
      dynamic = "0";
      playAmbient = "1";
      meshCulling = "0";
      originSort = "0";
      useInstanceRenderData = "1";
      instanceColor = "White";
      instanceColor1 = "White";
      instanceColor2 = "White";
      collisionType = "Collision Mesh";
      decalType = "Collision Mesh";
      prebuildCollisionData = "0";
      renderNormals = "0";
      forceDetail = "-1";
      position = "432.312714 498.371979 183.913528";
      scale = "1 1 1";
      rotationMatrix = "0.894269586 -0.444553107 -0.0515215285 0.44752273 0.887718081 0.108074307 -0.00230817497 -0.119704619 0.992806852";
      isRenderEnabled = "false";
      canSave = "1";
      canSaveDynamicFields = "1";
