{"name":"reversePrefab_group","class":"SimGroup","persistentId":"cb588b36-5ca0-41aa-8432-f9ffa2a2422b","groupPosition":"0 0 0"}
{"class":"TSStatic","persistentId":"154db12b-32df-4943-9aa3-2eebbc669a52","__parent":"reversePrefab_group","position":[537.550781,480.270752,182.929749],"isRenderEnabled":false,"rotationMatrix":[0.659293234,0.7442047,0.107199058,-0.748896182,0.66266489,0.00544614717,-0.0669839978,-0.0838715881,0.994222641],"shapeName":"/art/shapes/objects/arrowboard_R.dae","useInstanceRenderData":true}
{"class":"TSStatic","persistentId":"15d9a5d4-7f60-4f19-8a00-a63de35d66fc","__parent":"reversePrefab_group","position":[694.377075,352.615967,145.296646],"isRenderEnabled":false,"rotationMatrix":[0.998380184,0.00158283557,-0.0568721816,0.000233257015,0.999490678,0.0319120549,0.0568937287,-0.0318736322,0.997871339],"shapeName":"/art/shapes/objects/arrowboard_R.dae","useInstanceRenderData":true}
{"class":"TSStatic","persistentId":"2af947a2-19ba-4075-b327-7456eba7fc34","__parent":"reversePrefab_group","position":[822.37207,-645.59668,147.907272],"isRenderEnabled":false,"rotationMatrix":[-0.990938425,-0.13431561,0,0.13431561,-0.990938425,0,0,0,1],"shapeName":"/art/shapes/objects/arrowboard_L.dae","useInstanceRenderData":true}
{"class":"TSStatic","persistentId":"370f34bc-f61e-49bb-9c3b-7b95e689cb15","__parent":"reversePrefab_group","position":[819.028381,-657.921875,147.907272],"isRenderEnabled":false,"rotationMatrix":[-0.990938425,-0.13431561,0,0.13431561,-0.990938425,0,0,0,1],"shapeName":"/art/shapes/objects/arrowboard_L.dae","useInstanceRenderData":true}
{"class":"TSStatic","persistentId":"5226b245-3941-4f00-8e4c-e7e0cc1af582","__parent":"reversePrefab_group","position":[928.74353,615.178833,224.338547],"isRenderEnabled":false,"rotationMatrix":[0.222933769,0.972212017,0.0714454129,-0.950767577,0.233029842,-0.20429942,-0.215271264,-0.0223827064,0.976297736],"shapeName":"/art/shapes/objects/arrowboard_L.dae","useInstanceRenderData":true}
{"class":"TSStatic","persistentId":"e9fef1bb-f970-4634-b7d0-edb9dcccd8e0","__parent":"reversePrefab_group","position":[421.271912,505.381775,184.502853],"isRenderEnabled":false,"rotationMatrix":[1,0,0,0,0.996017158,0.0891614631,0,-0.0891614631,0.996017158],"shapeName":"/art/shapes/objects/arrowboard_R.dae","useInstanceRenderData":true}
