//--- OBJECT WRITE BEGIN ---
$ThisPrefab = new SimGroup() {
   canSave = "1";
   canSaveDynamicFields = "1";
      groupPosition = "0 0 0";

   new DecalRoad() {
      drivability = "-1";
      lanesLeft = "1";
      lanesRight = "1";
      oneWay = "0";
      flipDirection = "0";
      gatedRoad = "0";
      useSubdivisions = "1";
      improvedSpline = "0";
      startTangent = "0";
      endTangent = "0";
      looped = "0";
      smoothness = "0.5";
      Detail = "0.100000001";
      overObjects = "0";
      Material = "checkered_line";
      textureLength = "5";
      breakAngle = "3";
      renderPriority = "10";
      zBias = "0";
      decalBias = "0.000500000024";
      distanceFade = "0 0";
      startEndFade = "0 0";
      hiddenInNavi = "0";
      position = "-443.425537 -571.775879 405.279175";
      scale = "1 1 1";
      rotationMatrix = "1 0 0 0 1 0 0 0 1";
      canSave = "1";
      canSaveDynamicFields = "1";
      persistentId = "877813e4-f447-480d-b3c4-2219a39f9eee";
         mode = "Ignore";

      Node = "-443.425537 -571.775879 405.279175 0.500000";
      Node = "-443.372955 -576.105835 405.294647 0.500000";
   };
   new TSStatic() {
      shapeName = "/levels/italy/art/shapes/misc/concrete_road_barrier_a.dae";
      dynamic = "0";
      playAmbient = "1";
      meshCulling = "0";
      originSort = "0";
      useInstanceRenderData = "0";
      instanceColor = "White";
      instanceColor1 = "White";
      instanceColor2 = "White";
      collisionType = "Collision Mesh";
      decalType = "Collision Mesh";
      prebuildCollisionData = "0";
      renderNormals = "0";
      forceDetail = "-1";
      position = "274.749939 305.390869 181.563644";
      scale = "1 1 1";
      rotationMatrix = "-0.962287605 -0.272031426 -0.00105329184 0.271754503 -0.961468935 0.0415570103 -0.0123175206 0.0397035517 0.999135554";
      isRenderEnabled = "false";
      canSave = "1";
      canSaveDynamicFields = "1";
      persistentId = "0cd4363d-add0-4054-b151-6d0e7c8cf2fd";
         mode = "Ignore";
   };
   new TSStatic() {
      shapeName = "/levels/italy/art/shapes/misc/concrete_road_barrier_b.dae";
      dynamic = "0";
      playAmbient = "1";
      meshCulling = "0";
      originSort = "0";
      useInstanceRenderData = "0";
      instanceColor = "White";
      instanceColor1 = "White";
      instanceColor2 = "White";
      collisionType = "Collision Mesh";
      decalType = "Collision Mesh";
      prebuildCollisionData = "0";
      renderNormals = "0";
      forceDetail = "-1";
      position = "-421.988739 -576.880066 405.997131";
      scale = "1 1 1";
      rotationMatrix = "0.998397708 -0.0158694834 -0.0543113574 0.015846055 0.999873936 -0.000862002023 0.0543181859 1.16415322e-10 0.998523593";
      isRenderEnabled = "false";
      canSave = "1";
      canSaveDynamicFields = "1";
      persistentId = "7aaff8a7-9029-49c7-aceb-45704c186851";
         mode = "Ignore";
   };
   new TSStatic() {
      shapeName = "/levels/italy/art/shapes/misc/concrete_road_barrier_a.dae";
      dynamic = "0";
      playAmbient = "1";
      meshCulling = "0";
      originSort = "0";
      useInstanceRenderData = "0";
      instanceColor = "White";
      instanceColor1 = "White";
      instanceColor2 = "White";
      collisionType = "Collision Mesh";
      decalType = "Collision Mesh";
      prebuildCollisionData = "0";
      renderNormals = "0";
      forceDetail = "-1";
      position = "-417.972137 -575.815918 405.646606";
      scale = "1 1 1";
      rotationMatrix = "0.874985874 0.468655676 -0.121494398 -0.480225235 0.872004807 -0.0948210061 0.0615053624 0.141311824 0.988052487";
      isRenderEnabled = "false";
      canSave = "1";
      canSaveDynamicFields = "1";
      persistentId = "893f1565-c197-4a3d-8299-5634ca9b341d";
         mode = "Ignore";
   };
   new TSStatic() {
      shapeName = "/levels/italy/art/shapes/misc/concrete_road_barrier_b.dae";
      dynamic = "0";
      playAmbient = "1";
      meshCulling = "0";
      originSort = "0";
      useInstanceRenderData = "0";
      instanceColor = "White";
      instanceColor1 = "White";
      instanceColor2 = "White";
      collisionType = "Collision Mesh";
      decalType = "Collision Mesh";
      prebuildCollisionData = "0";
      renderNormals = "0";
      forceDetail = "-1";
      position = "-414.801117 -573.298218 404.986359";
      scale = "1 1 1";
      rotationMatrix = "-0.558242798 -0.815623581 0.152060494 0.827955484 -0.559448242 0.0388090014 0.0534163751 0.147564158 0.987609327";
      isRenderEnabled = "false";
      canSave = "1";
      canSaveDynamicFields = "1";
      persistentId = "d0e41a26-0004-490c-a2b4-d444e50b8d9c";
         mode = "Ignore";
   };
   new TSStatic() {
      shapeName = "/levels/italy/art/shapes/misc/concrete_road_barrier_b.dae";
      dynamic = "0";
      playAmbient = "1";
      meshCulling = "0";
      originSort = "0";
      useInstanceRenderData = "0";
      instanceColor = "White";
      instanceColor1 = "White";
      instanceColor2 = "White";
      collisionType = "Collision Mesh";
      decalType = "Collision Mesh";
      prebuildCollisionData = "0";
      renderNormals = "0";
      forceDetail = "-1";
      position = "-398.666473 -553.127075 403.631165";
      scale = "1 1 1";
      rotationMatrix = "0.126890704 0.991879284 -0.00852582231 -0.991915882 0.12688601 -0.00109066581 -1.51272983e-09 0.00859528314 0.999962807";
      isRenderEnabled = "false";
      canSave = "1";
      canSaveDynamicFields = "1";
      persistentId = "624a06cd-49e4-47b4-bc06-89330e9b3c89";
         mode = "Ignore";
   };
   new TSStatic() {
      shapeName = "/levels/italy/art/shapes/misc/concrete_road_barrier_a.dae";
      dynamic = "0";
      playAmbient = "1";
      meshCulling = "0";
      originSort = "0";
      useInstanceRenderData = "0";
      instanceColor = "White";
      instanceColor1 = "White";
      instanceColor2 = "White";
      collisionType = "Collision Mesh";
      decalType = "Collision Mesh";
      prebuildCollisionData = "0";
      renderNormals = "0";
      forceDetail = "-1";
      position = "-399.221405 -549.681458 403.611115";
      scale = "1 1 1";
      rotationMatrix = "0.327836126 -0.944500566 0.021006193 0.944734275 0.327754974 -0.00728944736 6.51561383e-09 0.0222349986 0.999752522";
      isRenderEnabled = "false";
      canSave = "1";
      canSaveDynamicFields = "1";
      persistentId = "88b4a909-ba67-4790-b6cc-978e337e18c5";
         mode = "Ignore";
   };
   new TSStatic() {
      shapeName = "/levels/italy/art/shapes/misc/concrete_road_barrier_b.dae";
      dynamic = "0";
      playAmbient = "1";
      meshCulling = "0";
      originSort = "0";
      useInstanceRenderData = "0";
      instanceColor = "White";
      instanceColor1 = "White";
      instanceColor2 = "White";
      collisionType = "Collision Mesh";
      decalType = "Collision Mesh";
      prebuildCollisionData = "0";
      renderNormals = "0";
      forceDetail = "-1";
      position = "-401.377655 -546.907288 403.682343";
      scale = "1 1 1";
      rotationMatrix = "0.800544441 -0.597776771 -0.0423305407 0.59788096 0.80150187 -0.0115465866 0.0408302918 -0.0160650425 0.999036968";
      isRenderEnabled = "false";
      canSave = "1";
      canSaveDynamicFields = "1";
      persistentId = "1701fd8c-a873-490f-a06f-1adbf15c408b";
         mode = "Ignore";
   };
   new TSStatic() {
      shapeName = "/levels/italy/art/shapes/misc/concrete_road_barrier_b.dae";
      dynamic = "0";
      playAmbient = "1";
      meshCulling = "0";
      originSort = "0";
      useInstanceRenderData = "0";
      instanceColor = "White";
      instanceColor1 = "White";
      instanceColor2 = "White";
      collisionType = "Collision Mesh";
      decalType = "Collision Mesh";
      prebuildCollisionData = "0";
      renderNormals = "0";
      forceDetail = "-1";
      position = "-915.695129 -487.95401 333.53302";
      scale = "1 1 1";
      rotationMatrix = "0.485525817 -0.873197198 -0.0423305482 0.873684108 0.486356616 -0.0115466015 0.0306701977 -0.0313773267 0.999036968";
      isRenderEnabled = "false";
      canSave = "1";
      canSaveDynamicFields = "1";
      persistentId = "f2fed4f5-1535-4042-a3a0-f515d516e28e";
         mode = "Ignore";
   };
   new TSStatic() {
      shapeName = "/levels/italy/art/shapes/misc/concrete_road_barrier_a.dae";
      dynamic = "0";
      playAmbient = "1";
      meshCulling = "0";
      originSort = "0";
      useInstanceRenderData = "0";
      instanceColor = "White";
      instanceColor1 = "White";
      instanceColor2 = "White";
      collisionType = "Collision Mesh";
      decalType = "Collision Mesh";
      prebuildCollisionData = "0";
      renderNormals = "0";
      forceDetail = "-1";
      position = "-913.225281 -490.5672 333.545776";
      scale = "1 1 1";
      rotationMatrix = "0.824486196 -0.565435588 0.0224839151 0.565882683 0.823835015 -0.032758899 9.19313514e-09 0.0397325009 0.999210298";
      isRenderEnabled = "false";
      canSave = "1";
      canSaveDynamicFields = "1";
      persistentId = "f379b78a-9c4c-4ef1-b0de-6ec235121f91";
         mode = "Ignore";
   };
   new TSStatic() {
      shapeName = "/levels/italy/art/shapes/misc/concrete_road_barrier_b.dae";
      dynamic = "0";
      playAmbient = "1";
      meshCulling = "0";
      originSort = "0";
      useInstanceRenderData = "0";
      instanceColor = "White";
      instanceColor1 = "White";
      instanceColor2 = "White";
      collisionType = "Collision Mesh";
      decalType = "Collision Mesh";
      prebuildCollisionData = "0";
      renderNormals = "0";
      forceDetail = "-1";
      position = "-909.966675 -492.41272 333.684021";
      scale = "1 1 1";
      rotationMatrix = "-0.920317531 0.388875633 -0.0423304923 -0.388747811 -0.921271741 -0.0115466332 -0.0434881076 0.00582936034 0.999036968";
      isRenderEnabled = "false";
      canSave = "1";
      canSaveDynamicFields = "1";
      persistentId = "3d3dead1-b247-4251-9228-b95ab6d03b9c";
         mode = "Ignore";
   };
   new TSStatic() {
      shapeName = "/levels/italy/art/shapes/misc/concrete_road_barrier_a.dae";
      dynamic = "0";
      playAmbient = "1";
      meshCulling = "0";
      originSort = "0";
      useInstanceRenderData = "0";
      instanceColor = "White";
      instanceColor1 = "White";
      instanceColor2 = "White";
      collisionType = "Collision Mesh";
      decalType = "Collision Mesh";
      prebuildCollisionData = "0";
      renderNormals = "0";
      forceDetail = "-1";
      position = "-363.436035 -44.157608 271.742371";
      scale = "1 1 1";
      rotationMatrix = "0.488146394 0.871460736 0.0476385057 -0.872761846 0.487418681 0.0266448054 5.55111512e-16 -0.0545836426 0.998509049";
      isRenderEnabled = "false";
      canSave = "1";
      canSaveDynamicFields = "1";
      persistentId = "3159c499-f54f-4bc3-8c97-2ce6e2aebef6";
         mode = "Ignore";
   };
   new TSStatic() {
      shapeName = "/levels/italy/art/shapes/misc/concrete_road_barrier_b.dae";
      dynamic = "0";
      playAmbient = "1";
      meshCulling = "0";
      originSort = "0";
      useInstanceRenderData = "0";
      instanceColor = "White";
      instanceColor1 = "White";
      instanceColor2 = "White";
      collisionType = "Collision Mesh";
      decalType = "Collision Mesh";
      prebuildCollisionData = "0";
      renderNormals = "0";
      forceDetail = "-1";
      position = "-365.181549 -47.406559 271.59845";
      scale = "1 1 1";
      rotationMatrix = "0.452157646 0.89193809 0 -0.89193809 0.452157646 0 0 0 1";
      isRenderEnabled = "false";
      canSave = "1";
      canSaveDynamicFields = "1";
      persistentId = "3c5d4c37-da65-46ca-8859-9ec9aa605bd9";
         mode = "Ignore";
   };
   new TSStatic() {
      shapeName = "/levels/italy/art/shapes/misc/concrete_road_barrier_b.dae";
      dynamic = "0";
      playAmbient = "1";
      meshCulling = "0";
      originSort = "0";
      useInstanceRenderData = "0";
      instanceColor = "White";
      instanceColor1 = "White";
      instanceColor2 = "White";
      collisionType = "Collision Mesh";
      decalType = "Collision Mesh";
      prebuildCollisionData = "0";
      renderNormals = "0";
      forceDetail = "-1";
      position = "-361.425507 -41.0366936 271.975342";
      scale = "1 1 1";
      rotationMatrix = "-0.57959944 -0.810292542 -0.0865435824 0.79730922 -0.585827947 0.145270079 -0.168410927 0.0151965078 0.985599697";
      isRenderEnabled = "false";
      canSave = "1";
      canSaveDynamicFields = "1";
      persistentId = "1ef42d4d-659d-45a7-9eb5-2d351bf8ffea";
         mode = "Ignore";
   };
   new TSStatic() {
      shapeName = "/levels/italy/art/shapes/misc/concrete_road_barrier_b.dae";
      dynamic = "0";
      playAmbient = "1";
      meshCulling = "0";
      originSort = "0";
      useInstanceRenderData = "0";
      instanceColor = "White";
      instanceColor1 = "White";
      instanceColor2 = "White";
      collisionType = "Collision Mesh";
      decalType = "Collision Mesh";
      prebuildCollisionData = "0";
      renderNormals = "0";
      forceDetail = "-1";
      position = "-342.991394 -41.3329315 273.487335";
      scale = "1 1 1";
      rotationMatrix = "-0.697635174 -0.716449857 0.00206699502 0.713056862 -0.694045126 0.0992544964 -0.0696763471 0.0707173422 0.995060086";
      isRenderEnabled = "false";
      canSave = "1";
      canSaveDynamicFields = "1";
      persistentId = "61abff58-5eda-432b-84b0-a13ae918725d";
         mode = "Ignore";
   };
   new TSStatic() {
      shapeName = "/levels/italy/art/shapes/misc/concrete_road_barrier_a.dae";
      dynamic = "0";
      playAmbient = "1";
      meshCulling = "0";
      originSort = "0";
      useInstanceRenderData = "0";
      instanceColor = "White";
      instanceColor1 = "White";
      instanceColor2 = "White";
      collisionType = "Collision Mesh";
      decalType = "Collision Mesh";
      prebuildCollisionData = "0";
      renderNormals = "0";
      forceDetail = "-1";
      position = "-345.409485 -44.0614967 273.285889";
      scale = "1 1 1";
      rotationMatrix = "0.618786812 0.782057226 0.0740899369 -0.785512388 0.617019832 0.0475079827 -0.00856099091 -0.0875958577 0.996119261";
      isRenderEnabled = "false";
      canSave = "1";
      canSaveDynamicFields = "1";
      persistentId = "fdc87a03-7f62-4ebe-b8eb-1ddd9e0ca36a";
         mode = "Ignore";
   };
   new TSStatic() {
      shapeName = "/levels/italy/art/shapes/misc/concrete_road_barrier_b.dae";
      dynamic = "0";
      playAmbient = "1";
      meshCulling = "0";
      originSort = "0";
      useInstanceRenderData = "0";
      instanceColor = "White";
      instanceColor1 = "White";
      instanceColor2 = "White";
      collisionType = "Collision Mesh";
      decalType = "Collision Mesh";
      prebuildCollisionData = "0";
      renderNormals = "0";
      forceDetail = "-1";
      position = "-347.642975 -47.0169449 273.036591";
      scale = "1 1 1";
      rotationMatrix = "0.586454928 0.809981883 0 -0.809981883 0.586454868 0 0 0 1";
      isRenderEnabled = "false";
      canSave = "1";
      canSaveDynamicFields = "1";
      persistentId = "ac44bc30-27b4-4e49-a789-897ab15577d1";
         mode = "Ignore";
   };
   new TSStatic() {
      shapeName = "/levels/italy/art/shapes/misc/concrete_road_barrier_b.dae";
      dynamic = "0";
      playAmbient = "1";
      meshCulling = "0";
      originSort = "0";
      useInstanceRenderData = "0";
      instanceColor = "White";
      instanceColor1 = "White";
      instanceColor2 = "White";
      collisionType = "Collision Mesh";
      decalType = "Collision Mesh";
      prebuildCollisionData = "0";
      renderNormals = "0";
      forceDetail = "-1";
      position = "206.427017 303.552338 185.388443";
      scale = "1 1 1";
      rotationMatrix = "-0.96521157 -0.261254042 -0.0106135393 0.257923096 -0.957998097 0.125360325 -0.0429186709 0.118261755 0.992054462";
      isRenderEnabled = "false";
      canSave = "1";
      canSaveDynamicFields = "1";
      persistentId = "37958b4e-1b05-49fd-bc76-c304ed0c6e9b";
         mode = "Ignore";
   };
   new TSStatic() {
      shapeName = "/levels/italy/art/shapes/misc/concrete_road_barrier_a.dae";
      dynamic = "0";
      playAmbient = "1";
      meshCulling = "0";
      originSort = "0";
      useInstanceRenderData = "0";
      instanceColor = "White";
      instanceColor1 = "White";
      instanceColor2 = "White";
      collisionType = "Collision Mesh";
      decalType = "Collision Mesh";
      prebuildCollisionData = "0";
      renderNormals = "0";
      forceDetail = "-1";
      position = "202.88858 302.594025 185.47525";
      scale = "1 1 1";
      rotationMatrix = "0.956373334 0.292144448 -0.00105327554 -0.291850448 0.955560684 0.0415572003 0.0131471688 -0.0394368023 0.999135494";
      isRenderEnabled = "false";
      canSave = "1";
      canSaveDynamicFields = "1";
      persistentId = "7a88c19a-265f-4871-b6b1-98708e782e15";
         mode = "Ignore";
   };
   new TSStatic() {
      shapeName = "/levels/italy/art/shapes/misc/concrete_road_barrier_b.dae";
      dynamic = "0";
      playAmbient = "1";
      meshCulling = "0";
      originSort = "0";
      useInstanceRenderData = "0";
      instanceColor = "White";
      instanceColor1 = "White";
      instanceColor2 = "White";
      collisionType = "Collision Mesh";
      decalType = "Collision Mesh";
      prebuildCollisionData = "0";
      renderNormals = "0";
      forceDetail = "-1";
      position = "199.412125 301.453369 185.424042";
      scale = "1 1 1";
      rotationMatrix = "0.943342388 0.331820875 0 -0.331820875 0.943342447 0 0 0 1";
      isRenderEnabled = "false";
      canSave = "1";
      canSaveDynamicFields = "1";
      persistentId = "7a6473fc-0369-4297-9af7-ac7ff60d773c";
         mode = "Ignore";
   };
   new TSStatic() {
      shapeName = "/levels/italy/art/shapes/misc/concrete_road_barrier_b.dae";
      dynamic = "0";
      playAmbient = "1";
      meshCulling = "0";
      originSort = "0";
      useInstanceRenderData = "0";
      instanceColor = "White";
      instanceColor1 = "White";
      instanceColor2 = "White";
      collisionType = "Collision Mesh";
      decalType = "Collision Mesh";
      prebuildCollisionData = "0";
      renderNormals = "0";
      forceDetail = "-1";
      position = "203.215591 288.459869 185.573715";
      scale = "1 1 1";
      rotationMatrix = "0.989042282 0.14725095 -0.0106135244 -0.144781321 0.981490195 0.125360683 0.0288765468 -0.122450367 0.992054462";
      isRenderEnabled = "false";
      canSave = "1";
      canSaveDynamicFields = "1";
      persistentId = "be6d944f-042f-4c77-a44b-727396a15f72";
         mode = "Ignore";
   };
   new TSStatic() {
      shapeName = "/levels/italy/art/shapes/misc/concrete_road_barrier_a.dae";
      dynamic = "0";
      playAmbient = "1";
      meshCulling = "0";
      originSort = "0";
      useInstanceRenderData = "0";
      instanceColor = "White";
      instanceColor1 = "White";
      instanceColor2 = "White";
      collisionType = "Collision Mesh";
      decalType = "Collision Mesh";
      prebuildCollisionData = "0";
      renderNormals = "0";
      forceDetail = "-1";
      position = "206.841522 289.000305 185.660522";
      scale = "1 1 1";
      rotationMatrix = "-0.983855963 -0.17895937 -0.00105329149 0.178761795 -0.983014405 0.0415570214 -0.00847241841 0.0406978279 0.999135554";
      isRenderEnabled = "false";
      canSave = "1";
      canSaveDynamicFields = "1";
      persistentId = "0ce7162d-dbe7-4dd1-ab88-2b703efb8cf9";
         mode = "Ignore";
   };
   new TSStatic() {
      shapeName = "/levels/italy/art/shapes/misc/concrete_road_barrier_b.dae";
      dynamic = "0";
      playAmbient = "1";
      meshCulling = "0";
      originSort = "0";
      useInstanceRenderData = "0";
      instanceColor = "White";
      instanceColor1 = "White";
      instanceColor2 = "White";
      collisionType = "Collision Mesh";
      decalType = "Collision Mesh";
      prebuildCollisionData = "0";
      renderNormals = "0";
      forceDetail = "-1";
      position = "210.427002 289.728882 185.609314";
      scale = "1 1 1";
      rotationMatrix = "-0.975526392 -0.219882324 0 0.219882324 -0.975526392 0 0 0 1";
      isRenderEnabled = "false";
      canSave = "1";
      canSaveDynamicFields = "1";
      persistentId = "ac26c897-b822-4d94-86df-88f7fcc87dc9";
         mode = "Ignore";
   };
};
//--- OBJECT WRITE END ---











