{"name":"forwardPrefab_group","class":"SimGroup","persistentId":"c5888a4e-f5ee-4285-9c3d-8d69aa59c91b","groupPosition":"0 0 0"}
{"class":"TSStatic","persistentId":"2d47e447-1153-4d2c-8e8f-8fac735ac83a","__parent":"forwardPrefab_group","position":[190.351074,396.737244,177.226364],"isRenderEnabled":false,"rotationMatrix":[-0.446010232,0.894492269,-0.0309506655,-0.892938614,-0.4470644,-0.0528537706,-0.0611142442,0.00406371243,0.998122513],"shapeName":"/art/shapes/objects/arrowboard_L.dae","useInstanceRenderData":true}
{"class":"TSStatic","persistentId":"42bd6787-8702-485e-9886-70918df19d48","__parent":"forwardPrefab_group","position":[700.419067,345.486511,144.581116],"isRenderEnabled":false,"rotationMatrix":[0.38961786,0.918640077,0.0655596629,-0.920815408,0.387230158,0.0463854074,0.0172248334,-0.0784409419,0.996769965],"shapeName":"/art/shapes/objects/arrowboard_L.dae","useInstanceRenderData":true}
{"class":"TSStatic","persistentId":"5ab23f7c-3522-41cb-89da-7fdcfd334c41","__parent":"forwardPrefab_group","position":[827.463135,-127.494209,144.703003],"isRenderEnabled":false,"rotationMatrix":[0.000296711922,0.999999762,0,-0.999999762,0.000296711922,0,0,0,1],"shapeName":"/art/shapes/objects/arrowboard_L.dae","useInstanceRenderData":true}
{"class":"TSStatic","persistentId":"652e40bc-831d-4c48-866c-19301a06ed5d","__parent":"forwardPrefab_group","position":[894.726501,-333.197083,173.519302],"isRenderEnabled":false,"rotationMatrix":[-0.00215649605,0.998770714,-0.0495216995,-0.995860219,-0.00664520264,-0.0906548426,-0.0908724815,0.0491211787,0.994650364],"shapeName":"/art/shapes/objects/arrowboard_L.dae","useInstanceRenderData":true}
{"class":"TSStatic","persistentId":"e2f433d4-ca7f-4d4d-bea2-bfc44d1029b7","__parent":"forwardPrefab_group","position":[703.700134,821.688416,180.902206],"isRenderEnabled":false,"rotationMatrix":[0.780549705,0.614839375,0.112759277,-0.618215263,0.78598386,-0.00626172125,-0.0924769193,-0.0648219287,0.993602633],"shapeName":"/art/shapes/objects/arrowboard_R.dae","useInstanceRenderData":true}
{"class":"TSStatic","persistentId":"f67e24da-82d3-49d4-97e0-ca387beb53e8","__parent":"forwardPrefab_group","position":[943.250671,617.653137,225.873566],"isRenderEnabled":false,"rotationMatrix":[-0.994497299,-0.0375787616,-0.0977921039,0.0290956348,-0.995803475,0.0867711157,-0.100642458,0.0834483057,0.991416931],"shapeName":"/art/shapes/objects/arrowboard_L.dae","useInstanceRenderData":true}
