//--- OBJECT WRITE BEGIN ---
$ThisPrefab = new SimGroup() {
   canSave = "1";
   canSaveDynamicFields = "1";
      groupPosition = "0 0 0";

   new TSStatic() {
      shapeName = "/art/shapes/race/s_concrete_race_barrier.dae";
      dynamic = "0";
      playAmbient = "1";
      meshCulling = "0";
      originSort = "0";
      useInstanceRenderData = "1";
      instanceColor = "White";
      instanceColor1 = "White";
      instanceColor2 = "White";
      collisionType = "Collision Mesh";
      decalType = "Collision Mesh";
      prebuildCollisionData = "0";
      renderNormals = "0";
      forceDetail = "-1";
      position = "696.146057 357.778961 145.279877";
      scale = "1 1 1";
      rotationMatrix = "0.170798063 -0.985305309 0.00128481281 0.985268354 0.170779943 -0.0089767538 0.0086254226 0.00279909791 0.999958873";
      isRenderEnabled = "false";
      canSave = "1";
      canSaveDynamicFields = "1";
      persistentId = "21330f08-ca9c-4625-8607-e87d1569a710";
   };
   new TSStatic() {
      shapeName = "/art/shapes/race/s_concrete_race_barrier.dae";
      dynamic = "0";
      playAmbient = "1";
      meshCulling = "0";
      originSort = "0";
      useInstanceRenderData = "1";
      instanceColor = "White";
      instanceColor1 = "White";
      instanceColor2 = "White";
      collisionType = "Collision Mesh";
      decalType = "Collision Mesh";
      prebuildCollisionData = "0";
      renderNormals = "0";
      forceDetail = "-1";
      position = "697.24884 354.238556 145.132294";
      scale = "1 1 1";
      rotationMatrix = "0.455015481 -0.889774919 -0.0355163962 0.89025116 0.455445766 -0.00467862468 0.0203387141 -0.0294896699 0.999358118";
      isRenderEnabled = "false";
      canSave = "1";
      canSaveDynamicFields = "1";
      persistentId = "10012381-9ed3-48c2-9362-b1bc2cefc7aa";
   };
   new TSStatic() {
      shapeName = "/art/shapes/race/s_concrete_race_barrier.dae";
      dynamic = "0";
      playAmbient = "1";
      meshCulling = "0";
      originSort = "0";
      useInstanceRenderData = "1";
      instanceColor = "White";
      instanceColor1 = "White";
      instanceColor2 = "White";
      collisionType = "Collision Mesh";
      decalType = "Collision Mesh";
      prebuildCollisionData = "0";
      renderNormals = "0";
      forceDetail = "-1";
      position = "699.112244 351.230377 144.932861";
      scale = "1 1 1";
      rotationMatrix = "0.637384772 -0.768675387 -0.0536544584 0.769729793 0.638367891 -0.00155850686 0.0354492702 -0.040306069 0.998558342";
      isRenderEnabled = "false";
      canSave = "1";
      canSaveDynamicFields = "1";
      persistentId = "6d3181f0-2ef0-49ea-986b-23089f3ee19b";
   };
   new TSStatic() {
      shapeName = "/art/shapes/race/s_concrete_race_barrier.dae";
      dynamic = "0";
      playAmbient = "1";
      meshCulling = "0";
      originSort = "0";
      useInstanceRenderData = "1";
      instanceColor = "White";
      instanceColor1 = "White";
      instanceColor2 = "White";
      collisionType = "Collision Mesh";
      decalType = "Collision Mesh";
      prebuildCollisionData = "0";
      renderNormals = "0";
      forceDetail = "-1";
      position = "701.767761 348.655151 144.710144";
      scale = "1 1 1";
      rotationMatrix = "0.831620574 -0.552568018 -0.0554594062 0.553773344 0.832628727 0.00802925322 0.041740384 -0.0373892374 0.998428643";
      isRenderEnabled = "false";
      canSave = "1";
      canSaveDynamicFields = "1";
      persistentId = "996ca205-ad71-4bce-b833-a5bea983dc44";
   };
   new TSStatic() {
      shapeName = "/art/shapes/race/s_concrete_race_barrier.dae";
      dynamic = "0";
      playAmbient = "1";
      meshCulling = "0";
      originSort = "0";
      useInstanceRenderData = "1";
      instanceColor = "White";
      instanceColor1 = "White";
      instanceColor2 = "White";
      collisionType = "Collision Mesh";
      decalType = "Collision Mesh";
      prebuildCollisionData = "0";
      renderNormals = "0";
      forceDetail = "-1";
      position = "705.230408 346.932373 144.477478";
      scale = "1 1 1";
      rotationMatrix = "0.930387795 -0.363494158 -0.0474404059 0.365026593 0.930551529 0.0287993886 0.0336773358 -0.0441116057 0.998458803";
      isRenderEnabled = "false";
      canSave = "1";
      canSaveDynamicFields = "1";
      persistentId = "e912c616-6f81-42fa-97cc-f7d84dd373c4";
   };
   new TSStatic() {
      shapeName = "/art/shapes/race/s_concrete_race_barrier.dae";
      dynamic = "0";
      playAmbient = "1";
      meshCulling = "0";
      originSort = "0";
      useInstanceRenderData = "1";
      instanceColor = "White";
      instanceColor1 = "White";
      instanceColor2 = "White";
      collisionType = "Collision Mesh";
      decalType = "Collision Mesh";
      prebuildCollisionData = "0";
      renderNormals = "0";
      forceDetail = "-1";
      position = "708.683838 346.04187 144.279037";
      scale = "1 1 1";
      rotationMatrix = "0.991235852 -0.124834754 -0.0432177037 0.1251847 0.992118359 0.00547737069 0.0421933085 -0.0108395629 0.999050677";
      isRenderEnabled = "false";
      canSave = "1";
      canSaveDynamicFields = "1";
      persistentId = "59e44074-ccaf-4d58-89fc-006e376f7525";
   };
   new TSStatic() {
      shapeName = "/art/shapes/race/s_concrete_race_barrier.dae";
      dynamic = "0";
      playAmbient = "1";
      meshCulling = "0";
      originSort = "0";
      useInstanceRenderData = "1";
      instanceColor = "White";
      instanceColor1 = "White";
      instanceColor2 = "White";
      collisionType = "Collision Mesh";
      decalType = "Collision Mesh";
      prebuildCollisionData = "0";
      renderNormals = "0";
      forceDetail = "-1";
      position = "538.493713 481.021729 183.065048";
      scale = "1 1 1";
      rotationMatrix = "0.6994313 -0.713925302 -0.0332635641 0.709072292 0.687343061 0.157403693 -0.0895110071 -0.133679345 0.986973941";
      isRenderEnabled = "false";
      canSave = "1";
      canSaveDynamicFields = "1";
      persistentId = "904d1db5-b7fb-460c-9a8d-ae53f911b688";
   };
   new TSStatic() {
      shapeName = "/art/shapes/race/s_concrete_race_barrier.dae";
      dynamic = "0";
      playAmbient = "1";
      meshCulling = "0";
      originSort = "0";
      useInstanceRenderData = "1";
      instanceColor = "White";
      instanceColor1 = "White";
      instanceColor2 = "White";
      collisionType = "Collision Mesh";
      decalType = "Collision Mesh";
      prebuildCollisionData = "0";
      renderNormals = "0";
      forceDetail = "-1";
      position = "546.006226 485.043915 181.379517";
      scale = "1 1 1";
      rotationMatrix = "1 0 0 0 1 0 0 0 1";
      isRenderEnabled = "false";
      canSave = "1";
      canSaveDynamicFields = "1";
   };
   new TSStatic() {
      shapeName = "/art/shapes/race/s_concrete_race_barrier.dae";
      dynamic = "0";
      playAmbient = "1";
      meshCulling = "0";
      originSort = "0";
      useInstanceRenderData = "1";
      instanceColor = "White";
      instanceColor1 = "White";
      instanceColor2 = "White";
      collisionType = "Collision Mesh";
      decalType = "Collision Mesh";
      prebuildCollisionData = "0";
      renderNormals = "0";
      forceDetail = "-1";
      position = "430.814301 492.463531 183.305923";
      scale = "1 1 1";
      rotationMatrix = "0.957734287 -0.284697026 -0.0411417633 0.2873604 0.953383803 0.0921046883 0.0130019579 -0.100034326 0.994899035";
      isRenderEnabled = "false";
      canSave = "1";
      canSaveDynamicFields = "1";
      persistentId = "2f1c04de-94e8-4104-b3a6-e68ef09bb4f5";
   };
   new TSStatic() {
      shapeName = "/art/shapes/race/s_concrete_race_barrier.dae";
      dynamic = "0";
      playAmbient = "1";
      meshCulling = "0";
      originSort = "0";
      useInstanceRenderData = "1";
      instanceColor = "White";
      instanceColor1 = "White";
      instanceColor2 = "White";
      collisionType = "Collision Mesh";
      decalType = "Collision Mesh";
      prebuildCollisionData = "0";
      renderNormals = "0";
      forceDetail = "-1";
      position = "438.138428 514.986145 185.695511";
      scale = "1 1 1";
      rotationMatrix = "0.958080471 -0.284060597 -0.0373011157 0.28629303 0.954180419 0.0870405808 0.0108671915 -0.0940709338 0.995506167";
      isRenderEnabled = "false";
      canSave = "1";
      canSaveDynamicFields = "1";
      persistentId = "4bd3ba60-befa-4f23-a324-1fb399ffec30";
   };
   new TSStatic() {
      shapeName = "/art/shapes/race/s_concrete_race_barrier.dae";
      dynamic = "0";
      playAmbient = "1";
      meshCulling = "0";
      originSort = "0";
      useInstanceRenderData = "1";
      instanceColor = "White";
      instanceColor1 = "White";
      instanceColor2 = "White";
      collisionType = "Collision Mesh";
      decalType = "Collision Mesh";
      prebuildCollisionData = "0";
      renderNormals = "0";
      forceDetail = "-1";
      position = "305.131165 457.286926 181.443542";
      scale = "1 1 1";
      rotationMatrix = "0.653230131 -0.754342198 -0.0652547553 0.756259084 0.654227316 0.00766216591 0.0369115472 -0.0543546639 0.997839212";
      isRenderEnabled = "false";
      canSave = "1";
      canSaveDynamicFields = "1";
      persistentId = "b2bafbda-dac8-4046-9ba8-f42f92d6ac19";
   };
   new TSStatic() {
      shapeName = "/art/shapes/race/s_concrete_race_barrier.dae";
      dynamic = "0";
      playAmbient = "1";
      meshCulling = "0";
      originSort = "0";
      useInstanceRenderData = "1";
      instanceColor = "White";
      instanceColor1 = "White";
      instanceColor2 = "White";
      collisionType = "Collision Mesh";
      decalType = "Collision Mesh";
      prebuildCollisionData = "0";
      renderNormals = "0";
      forceDetail = "-1";
      position = "181.631989 400.6315 176.570053";
      scale = "1 1 1";
      rotationMatrix = "0.942046404 -0.316871375 0.110186495 0.315112323 0.948463202 0.0334922262 -0.115120567 0.00316989515 0.993346453";
      isRenderEnabled = "false";
      canSave = "1";
      canSaveDynamicFields = "1";
      persistentId = "c123e565-76d9-498b-9c7b-17cdc8cdb0a0";
   };
   new TSStatic() {
      shapeName = "/art/shapes/race/s_concrete_race_barrier.dae";
      dynamic = "0";
      playAmbient = "1";
      meshCulling = "0";
      originSort = "0";
      useInstanceRenderData = "1";
      instanceColor = "White";
      instanceColor1 = "White";
      instanceColor2 = "White";
      collisionType = "Collision Mesh";
      decalType = "Collision Mesh";
      prebuildCollisionData = "0";
      renderNormals = "0";
      forceDetail = "-1";
      position = "185.598541 399.709137 176.915344";
      scale = "1 1 1";
      rotationMatrix = "0.990445971 -0.125035837 0.0581614748 0.120793954 0.990099847 0.0714918375 -0.0665247068 -0.0637832433 0.99574405";
      isRenderEnabled = "false";
      canSave = "1";
      canSaveDynamicFields = "1";
      persistentId = "9c87ed81-1e94-4ca6-9759-c9958e4e62c2";
   };
   new TSStatic() {
      shapeName = "/art/shapes/race/s_concrete_race_barrier.dae";
      dynamic = "0";
      playAmbient = "1";
      meshCulling = "0";
      originSort = "0";
      useInstanceRenderData = "1";
      instanceColor = "White";
      instanceColor1 = "White";
      instanceColor2 = "White";
      collisionType = "Collision Mesh";
      decalType = "Collision Mesh";
      prebuildCollisionData = "0";
      renderNormals = "0";
      forceDetail = "-1";
      position = "189.951004 399.747559 177.184113";
      scale = "1 1 1";
      rotationMatrix = "0.983877897 0.160729006 0.0784250274 -0.162085012 0.986713231 0.0112008881 -0.0755827054 -0.0237318296 0.996857107";
      isRenderEnabled = "false";
      canSave = "1";
      canSaveDynamicFields = "1";
      persistentId = "5ea59cbc-5f34-41c5-8774-c4edc6140dd9";
   };
   new TSStatic() {
      shapeName = "/art/shapes/race/s_concrete_race_barrier.dae";
      dynamic = "0";
      playAmbient = "1";
      meshCulling = "0";
      originSort = "0";
      useInstanceRenderData = "1";
      instanceColor = "White";
      instanceColor1 = "White";
      instanceColor2 = "White";
      collisionType = "Collision Mesh";
      decalType = "Collision Mesh";
      prebuildCollisionData = "0";
      renderNormals = "0";
      forceDetail = "-1";
      position = "193.93187 401.119537 177.369431";
      scale = "1 1 1";
      rotationMatrix = "0.895237744 0.445487052 -0.00951989088 -0.445586115 0.895101428 -0.015696004 0.00152890105 0.0182935856 0.999831498";
      isRenderEnabled = "false";
      canSave = "1";
      canSaveDynamicFields = "1";
      persistentId = "02ec77b2-981f-4d1e-ab97-40ae2c5dec90";
   };
   new TSStatic() {
      shapeName = "/art/shapes/race/s_concrete_race_barrier.dae";
      dynamic = "0";
      playAmbient = "1";
      meshCulling = "0";
      originSort = "0";
      useInstanceRenderData = "1";
      instanceColor = "White";
      instanceColor1 = "White";
      instanceColor2 = "White";
      collisionType = "Collision Mesh";
      decalType = "Collision Mesh";
      prebuildCollisionData = "0";
      renderNormals = "0";
      forceDetail = "-1";
      position = "160.144989 417.276611 175.747452";
      scale = "1 1 1";
      rotationMatrix = "0.102660418 0.994716287 3.7252903e-09 -0.991714597 0.102350593 -0.0776288509 -0.0772186965 0.0079693906 0.996982336";
      isRenderEnabled = "false";
      canSave = "1";
      canSaveDynamicFields = "1";
      persistentId = "55179145-57c3-44d1-a68e-7c95b48d7d40";
   };
   new TSStatic() {
      shapeName = "/art/shapes/race/s_concrete_race_barrier.dae";
      dynamic = "0";
      playAmbient = "1";
      meshCulling = "0";
      originSort = "0";
      useInstanceRenderData = "1";
      instanceColor = "White";
      instanceColor1 = "White";
      instanceColor2 = "White";
      collisionType = "Collision Mesh";
      decalType = "Collision Mesh";
      prebuildCollisionData = "0";
      renderNormals = "0";
      forceDetail = "-1";
      position = "160.527863 421.2276 176.065353";
      scale = "1 1 1";
      rotationMatrix = "0.0970706344 0.992883086 0.0689954534 -0.993950963 0.100285888 -0.0447666645 -0.0513673313 -0.0642325804 0.996612072";
      isRenderEnabled = "false";
      canSave = "1";
      canSaveDynamicFields = "1";
      persistentId = "a8554962-1549-438d-8f02-ed8af61e212b";
   };
   new TSStatic() {
      shapeName = "/art/shapes/race/s_concrete_race_barrier.dae";
      dynamic = "0";
      playAmbient = "1";
      meshCulling = "0";
      originSort = "0";
      useInstanceRenderData = "1";
      instanceColor = "White";
      instanceColor1 = "White";
      instanceColor2 = "White";
      collisionType = "Collision Mesh";
      decalType = "Collision Mesh";
      prebuildCollisionData = "0";
      renderNormals = "0";
      forceDetail = "-1";
      position = "160.904556 424.962708 176.177383";
      scale = "1 1 1";
      rotationMatrix = "0.101030886 0.994618952 -0.0229336787 -0.994693339 0.10053426 -0.0218651816 -0.0194419008 0.0250210352 0.999497831";
      isRenderEnabled = "false";
      canSave = "1";
      canSaveDynamicFields = "1";
      persistentId = "cdc540fd-037a-42c4-9f55-327a577ac59b";
   };
   new TSStatic() {
      shapeName = "/art/shapes/race/s_concrete_race_barrier.dae";
      dynamic = "0";
      playAmbient = "1";
      meshCulling = "0";
      originSort = "0";
      useInstanceRenderData = "1";
      instanceColor = "White";
      instanceColor1 = "White";
      instanceColor2 = "White";
      collisionType = "Collision Mesh";
      decalType = "Collision Mesh";
      prebuildCollisionData = "0";
      renderNormals = "0";
      forceDetail = "-1";
      position = "164.173782 440.990784 174.274826";
      scale = "1 1 1";
      rotationMatrix = "0.721400976 0.692314744 -0.0167592447 -0.691671252 0.719112337 -0.0668449402 -0.0342259631 0.0598138906 0.997622609";
      isRenderEnabled = "false";
      canSave = "1";
      canSaveDynamicFields = "1";
      persistentId = "987524f2-fb48-4e06-8504-47f978de3f1a";
   };
   new TSStatic() {
      shapeName = "/art/shapes/race/s_concrete_race_barrier.dae";
      dynamic = "0";
      playAmbient = "1";
      meshCulling = "0";
      originSort = "0";
      useInstanceRenderData = "1";
      instanceColor = "White";
      instanceColor1 = "White";
      instanceColor2 = "White";
      collisionType = "Collision Mesh";
      decalType = "Collision Mesh";
      prebuildCollisionData = "0";
      renderNormals = "0";
      forceDetail = "-1";
      position = "173.800812 440.715546 174.532211";
      scale = "1 1 1";
      rotationMatrix = "0.867580235 -0.486379892 0.103629798 0.494801372 0.865126908 -0.0820184723 -0.0497607887 0.122433774 0.991228461";
      isRenderEnabled = "false";
      canSave = "1";
      canSaveDynamicFields = "1";
      persistentId = "9d629447-a0f2-48b7-af40-cdd223cf5788";
   };
   new TSStatic() {
      shapeName = "/art/shapes/race/s_concrete_race_barrier.dae";
      dynamic = "0";
      playAmbient = "1";
      meshCulling = "0";
      originSort = "0";
      useInstanceRenderData = "1";
      instanceColor = "White";
      instanceColor1 = "White";
      instanceColor2 = "White";
      collisionType = "Collision Mesh";
      decalType = "Collision Mesh";
      prebuildCollisionData = "0";
      renderNormals = "0";
      forceDetail = "-1";
      position = "160.142563 501.983704 174.652252";
      scale = "1 1 1";
      rotationMatrix = "-0.572209954 0.817590714 -0.0641928539 -0.811591029 -0.575781584 -0.0989702195 -0.117878221 -0.0045334138 0.993017733";
      isRenderEnabled = "false";
      canSave = "1";
      canSaveDynamicFields = "1";
      persistentId = "ee6386cb-c8c9-405d-b66e-086a084f88b0";
   };
   new TSStatic() {
      shapeName = "/art/shapes/race/s_concrete_race_barrier.dae";
      dynamic = "0";
      playAmbient = "1";
      meshCulling = "0";
      originSort = "0";
      useInstanceRenderData = "1";
      instanceColor = "White";
      instanceColor1 = "White";
      instanceColor2 = "White";
      collisionType = "Collision Mesh";
      decalType = "Collision Mesh";
      prebuildCollisionData = "0";
      renderNormals = "0";
      forceDetail = "-1";
      position = "168.617828 502.927277 174.734131";
      scale = "1 1 1";
      rotationMatrix = "0.626836002 0.776575327 0.0633033365 -0.778875828 0.626702666 0.0244157985 -0.0207116585 -0.064610146 0.997695625";
      isRenderEnabled = "false";
      canSave = "1";
      canSaveDynamicFields = "1";
      persistentId = "dc3f5104-e609-4108-9012-a3b07bbf15cf";
   };
   new TSStatic() {
      shapeName = "/art/shapes/race/s_concrete_race_barrier.dae";
      dynamic = "0";
      playAmbient = "1";
      meshCulling = "0";
      originSort = "0";
      useInstanceRenderData = "1";
      instanceColor = "White";
      instanceColor1 = "White";
      instanceColor2 = "White";
      collisionType = "Collision Mesh";
      decalType = "Collision Mesh";
      prebuildCollisionData = "0";
      renderNormals = "0";
      forceDetail = "-1";
      position = "302.809296 725.14209 185.110001";
      scale = "1 1 1";
      rotationMatrix = "-0.0575948954 0.990892589 0.121715337 -0.983832181 -0.0770435333 0.161673576 0.169578552 -0.110435896 0.97930944";
      isRenderEnabled = "false";
      canSave = "1";
      canSaveDynamicFields = "1";
      persistentId = "3da3477c-6679-4a4c-a32c-63d5ac0e23ed";
   };
   new TSStatic() {
      shapeName = "/art/shapes/race/s_concrete_race_barrier.dae";
      dynamic = "0";
      playAmbient = "1";
      meshCulling = "0";
      originSort = "0";
      useInstanceRenderData = "1";
      instanceColor = "White";
      instanceColor1 = "White";
      instanceColor2 = "White";
      collisionType = "Collision Mesh";
      decalType = "Collision Mesh";
      prebuildCollisionData = "0";
      renderNormals = "0";
      forceDetail = "-1";
      position = "707.594788 822.273926 181.267914";
      scale = "1 1 1";
      rotationMatrix = "0.298856258 -0.953169465 -0.0463979281 0.950160027 0.292685628 0.107381642 -0.0887729079 -0.0761771351 0.993134618";
      isRenderEnabled = "false";
      canSave = "1";
      canSaveDynamicFields = "1";
      persistentId = "36dab269-8c7a-4185-b3bd-f78390dcecc3";
   };
   new TSStatic() {
      shapeName = "/art/shapes/race/s_concrete_race_barrier.dae";
      dynamic = "0";
      playAmbient = "1";
      meshCulling = "0";
      originSort = "0";
      useInstanceRenderData = "1";
      instanceColor = "White";
      instanceColor1 = "White";
      instanceColor2 = "White";
      collisionType = "Collision Mesh";
      decalType = "Collision Mesh";
      prebuildCollisionData = "0";
      renderNormals = "0";
      forceDetail = "-1";
      position = "706.646179 825.367004 181.371445";
      scale = "1 1 1";
      rotationMatrix = "0.296434283 -0.954905152 -0.0168145075 0.950394273 0.293205619 0.103831686 -0.0942193195 -0.0467596725 0.994452715";
      isRenderEnabled = "false";
      canSave = "1";
      canSaveDynamicFields = "1";
      persistentId = "6f09fd86-0441-4551-b385-3e73ba34d2ae";
   };
   new TSStatic() {
      shapeName = "/art/shapes/race/s_concrete_race_barrier.dae";
      dynamic = "0";
      playAmbient = "1";
      meshCulling = "0";
      originSort = "0";
      useInstanceRenderData = "1";
      instanceColor = "White";
      instanceColor1 = "White";
      instanceColor2 = "White";
      collisionType = "Collision Mesh";
      decalType = "Collision Mesh";
      prebuildCollisionData = "0";
      renderNormals = "0";
      forceDetail = "-1";
      position = "939.623901 613.603577 225.927933";
      scale = "1 1 1";
      rotationMatrix = "0.335594296 0.941995263 -0.00461129844 -0.940884709 0.334951818 -0.0504290126 -0.0459593311 0.0212623887 0.99871701";
      isRenderEnabled = "false";
      canSave = "1";
      canSaveDynamicFields = "1";
      persistentId = "c49d5ed7-6640-422e-ac80-c858537d6d7c";
   };
   new TSStatic() {
      shapeName = "/art/shapes/race/s_concrete_race_barrier.dae";
      dynamic = "0";
      playAmbient = "1";
      meshCulling = "0";
      originSort = "0";
      useInstanceRenderData = "1";
      instanceColor = "White";
      instanceColor1 = "White";
      instanceColor2 = "White";
      collisionType = "Collision Mesh";
      decalType = "Collision Mesh";
      prebuildCollisionData = "0";
      renderNormals = "0";
      forceDetail = "-1";
      position = "941.297852 620.190979 225.441666";
      scale = "1 1 1";
      rotationMatrix = "-0.141846061 0.983866155 -0.10902667 -0.988470256 -0.146674991 -0.037586879 -0.0529719591 0.102438077 0.993327975";
      isRenderEnabled = "false";
      canSave = "1";
      canSaveDynamicFields = "1";
      persistentId = "e44d360e-a78a-4d43-b88d-fe66f6cc5497";
   };
   new TSStatic() {
      shapeName = "/art/shapes/race/s_concrete_race_barrier.dae";
      dynamic = "0";
      playAmbient = "1";
      meshCulling = "0";
      originSort = "0";
      useInstanceRenderData = "1";
      instanceColor = "White";
      instanceColor1 = "White";
      instanceColor2 = "White";
      collisionType = "Collision Mesh";
      decalType = "Collision Mesh";
      prebuildCollisionData = "0";
      renderNormals = "0";
      forceDetail = "-1";
      position = "940.792908 616.803101 225.7612";
      scale = "1 1 1";
      rotationMatrix = "0.339746237 0.938312232 -0.0643627793 -0.939434707 0.335277438 -0.0710732043 -0.0451094732 0.0846114755 0.995392382";
      isRenderEnabled = "false";
      canSave = "1";
      canSaveDynamicFields = "1";
      persistentId = "bcb67b39-7334-4764-bb66-2e524e761f25";
   };
   new TSStatic() {
      shapeName = "/art/shapes/race/s_concrete_race_barrier.dae";
      dynamic = "0";
      playAmbient = "1";
      meshCulling = "0";
      originSort = "0";
      useInstanceRenderData = "1";
      instanceColor = "White";
      instanceColor1 = "White";
      instanceColor2 = "White";
      collisionType = "Collision Mesh";
      decalType = "Collision Mesh";
      prebuildCollisionData = "0";
      renderNormals = "0";
      forceDetail = "-1";
      position = "820.384766 -117.853088 144.694946";
      scale = "1 1 1";
      rotationMatrix = "0.683373988 -0.727841675 0.0569773689 0.729488671 0.683858395 -0.0135659799 -0.029090561 0.0508349836 0.998283327";
      isRenderEnabled = "false";
      canSave = "1";
      canSaveDynamicFields = "1";
      persistentId = "637caa44-6c6f-4cdc-bbf9-ec641db243f9";
   };
   new TSStatic() {
      shapeName = "/art/shapes/race/s_concrete_race_barrier.dae";
      dynamic = "0";
      playAmbient = "1";
      meshCulling = "0";
      originSort = "0";
      useInstanceRenderData = "1";
      instanceColor = "White";
      instanceColor1 = "White";
      instanceColor2 = "White";
      collisionType = "Collision Mesh";
      decalType = "Collision Mesh";
      prebuildCollisionData = "0";
      renderNormals = "0";
      forceDetail = "-1";
      position = "823.598145 -121.172844 144.78009";
      scale = "1 1 1";
      rotationMatrix = "0.727799654 -0.685761809 -0.0061881626 0.685691953 0.727818608 -0.0103220623 0.0115823364 0.00326921931 0.99992758";
      isRenderEnabled = "false";
      canSave = "1";
      canSaveDynamicFields = "1";
      persistentId = "bb43300a-a417-42b4-bb30-cff00e2ad3a4";
   };
   new TSStatic() {
      shapeName = "/art/shapes/race/s_concrete_race_barrier.dae";
      dynamic = "0";
      playAmbient = "1";
      meshCulling = "0";
      originSort = "0";
      useInstanceRenderData = "1";
      instanceColor = "White";
      instanceColor1 = "White";
      instanceColor2 = "White";
      collisionType = "Collision Mesh";
      decalType = "Collision Mesh";
      prebuildCollisionData = "0";
      renderNormals = "0";
      forceDetail = "-1";
      position = "827.918701 -124.650383 144.719284";
      scale = "1 1 1";
      rotationMatrix = "0.853471339 -0.521112442 0.00534184044 0.521113873 0.8534863 0.00122642238 -0.00519829104 0.00173699064 0.99998498";
      isRenderEnabled = "false";
      canSave = "1";
      canSaveDynamicFields = "1";
      persistentId = "c7b31030-a0a4-47bb-b22f-0a7064d96c91";
   };
   new TSStatic() {
      shapeName = "/art/shapes/race/s_concrete_race_barrier.dae";
      dynamic = "0";
      playAmbient = "1";
      meshCulling = "0";
      originSort = "0";
      useInstanceRenderData = "1";
      instanceColor = "White";
      instanceColor1 = "White";
      instanceColor2 = "White";
      collisionType = "Collision Mesh";
      decalType = "Collision Mesh";
      prebuildCollisionData = "0";
      renderNormals = "0";
      forceDetail = "-1";
      position = "832.427917 -125.666481 144.683472";
      scale = "1 1 1";
      rotationMatrix = "0.999538541 -0.00436404999 -0.0300609898 0.00440550502 0.99998945 0.00131294236 0.0300549436 -0.00144477037 0.999547184";
      isRenderEnabled = "false";
      canSave = "1";
      canSaveDynamicFields = "1";
      persistentId = "9e7008c8-5366-4c6a-a34d-dc639f5c5918";
   };
   new TSStatic() {
      shapeName = "/art/shapes/race/s_concrete_race_barrier.dae";
      dynamic = "0";
      playAmbient = "1";
      meshCulling = "0";
      originSort = "0";
      useInstanceRenderData = "1";
      instanceColor = "White";
      instanceColor1 = "White";
      instanceColor2 = "White";
      collisionType = "Collision Mesh";
      decalType = "Collision Mesh";
      prebuildCollisionData = "0";
      renderNormals = "0";
      forceDetail = "-1";
      position = "795.329468 -20.075428 147.166824";
      scale = "1 1 1";
      rotationMatrix = "0.329729199 -0.944019437 -0.0102844862 0.943975687 0.32983315 -0.0109424554 0.0137220556 -0.00610026112 0.999887228";
      isRenderEnabled = "false";
      canSave = "1";
      canSaveDynamicFields = "1";
      persistentId = "e64471c1-b51a-4576-9cf7-f588b542b203";
   };
   new TSStatic() {
      shapeName = "/art/shapes/race/s_concrete_race_barrier.dae";
      dynamic = "0";
      playAmbient = "1";
      meshCulling = "0";
      originSort = "0";
      useInstanceRenderData = "1";
      instanceColor = "White";
      instanceColor1 = "White";
      instanceColor2 = "White";
      collisionType = "Collision Mesh";
      decalType = "Collision Mesh";
      prebuildCollisionData = "0";
      renderNormals = "0";
      forceDetail = "-1";
      position = "793.587891 -15.0977221 147.305206";
      scale = "1 1 1";
      rotationMatrix = "0.329384208 -0.943991482 -0.0196507424 0.944194734 0.329278708 0.00847318955 -0.00152804703 -0.0213450622 0.999770999";
      isRenderEnabled = "false";
      canSave = "1";
      canSaveDynamicFields = "1";
      persistentId = "2ccce880-fd97-469b-9576-8ac83f6624a6";
   };
   new TSStatic() {
      shapeName = "/art/shapes/race/s_concrete_race_barrier.dae";
      dynamic = "0";
      playAmbient = "1";
      meshCulling = "0";
      originSort = "0";
      useInstanceRenderData = "1";
      instanceColor = "White";
      instanceColor1 = "White";
      instanceColor2 = "White";
      collisionType = "Collision Mesh";
      decalType = "Collision Mesh";
      prebuildCollisionData = "0";
      renderNormals = "0";
      forceDetail = "-1";
      position = "791.968323 -10.4541025 147.436646";
      scale = "1 1 1";
      rotationMatrix = "0.328474343 -0.944458783 0.0100961365 0.943861544 0.328625977 0.0336169899 -0.0350677185 -0.0015129596 0.999383807";
      isRenderEnabled = "false";
      canSave = "1";
      canSaveDynamicFields = "1";
      persistentId = "f6a12505-39ce-48b2-a60e-bc62a66d0c71";
   };
   new TSStatic() {
      shapeName = "/art/shapes/race/s_concrete_race_barrier.dae";
      dynamic = "0";
      playAmbient = "1";
      meshCulling = "0";
      originSort = "0";
      useInstanceRenderData = "1";
      instanceColor = "White";
      instanceColor1 = "White";
      instanceColor2 = "White";
      collisionType = "Collision Mesh";
      decalType = "Collision Mesh";
      prebuildCollisionData = "0";
      renderNormals = "0";
      forceDetail = "-1";
      position = "790.538574 -6.35639906 147.468506";
      scale = "1 1 1";
      rotationMatrix = "0.3292256 -0.944209814 0.00884344801 0.944151402 0.329312563 0.011456308 -0.0137294177 0.00457784627 0.999895275";
      isRenderEnabled = "false";
      canSave = "1";
      canSaveDynamicFields = "1";
      persistentId = "267308d2-0942-44bc-8c6e-1405c3d88cd9";
   };
   new DecalRoad(start_line) {
      drivability = "-1";
      lanesLeft = "1";
      lanesRight = "1";
      oneWay = "0";
      flipDirection = "0";
      gatedRoad = "0";
      useSubdivisions = "1";
      ImprovedSpline = "0";
      startTangent = "0";
      endTangent = "0";
      looped = "0";
      smoothness = "0.5";
      detail = "0.100000001";
      overObjects = "0";
      material = "checkered_line";
      textureLength = "5";
      breakAngle = "3";
      renderPriority = "1";
      zBias = "0";
      decalBias = "0.000500000024";
      distanceFade = "0 0";
      startEndFade = "0 0";
      hiddenInNavi = "0";
      position = "790.747314 -14.2115564 147.341248";
      scale = "1 1 1";
      rotationMatrix = "1 0 0 0 1 0 0 0 1";
      canSave = "1";
      canSaveDynamicFields = "1";
      persistentId = "47fe20c4-2348-475b-b566-9ea74e3b3828";
         mode = "Ignore";

      Node = "790.747314 -14.211556 147.341248 0.500000";
      Node = "783.015137 -17.163687 147.351013 0.500000";
   };
   new DecalRoad() {
      drivability = "-1";
      lanesLeft = "1";
      lanesRight = "1";
      oneWay = "0";
      flipDirection = "0";
      gatedRoad = "0";
      useSubdivisions = "1";
      ImprovedSpline = "0";
      startTangent = "0";
      endTangent = "0";
      looped = "0";
      smoothness = "0.5";
      detail = "0.100000001";
      overObjects = "0";
      material = "spraypaint_mark";
      textureLength = "55";
      breakAngle = "3";
      renderPriority = "10";
      zBias = "0";
      decalBias = "0.000500000024";
      distanceFade = "0 0";
      startEndFade = "0 0";
      hiddenInNavi = "0";
      position = "697.930725 357.428131 145.214203";
      scale = "1 1 1";
      rotationMatrix = "1 0 0 0 1 0 0 0 1";
      canSave = "1";
      canSaveDynamicFields = "1";
      persistentId = "acf3531c-3915-4743-aa64-22717e0d39b4";
         lanesInvert = "0";
         mode = "Ignore";

      Node = "697.930725 357.428131 145.214203 1.000000";
      Node = "698.044739 355.466156 145.161743 1.000000";
      Node = "699.186340 352.815033 145.014771 1.000000";
      Node = "702.336975 349.695618 144.748001 1.000000";
      Node = "709.362366 347.344971 144.322052 1.000000";
   };
};
//--- OBJECT WRITE END ---


















