{"name":"reversePrefab_group","class":"SimGroup","persistentId":"1712c896-0e01-4725-bc5f-524b443111f5","groupPosition":"0 0 0"}
{"class":"TSStatic","persistentId":"17d79133-9af0-48be-ab36-c548a9c8478f","__parent":"reversePrefab_group","position":[702.662109,821.311768,180.768509],"isRenderEnabled":false,"rotationMatrix":[-0.568270802,0.82278198,0.00987700745,-0.818731844,-0.564193845,-0.106597468,-0.0821339488,-0.068662867,0.994253218],"shapeName":"/art/shapes/objects/arrowboard_L.dae","useInstanceRenderData":true}
{"class":"TSStatic","persistentId":"2426cbf1-9e09-48e3-9aaf-5440dd7b544a","__parent":"reversePrefab_group","position":[944.049255,617.600952,225.962128],"isRenderEnabled":false,"rotationMatrix":[-0.895912051,0.422489822,-0.137271598,-0.430235863,-0.902174115,0.0312818885,-0.110626638,0.0870850012,0.990039349],"shapeName":"/art/shapes/objects/arrowboard_R.dae","useInstanceRenderData":true}
{"class":"TSStatic","persistentId":"5c73f56b-6b58-45ab-b2af-b38a48be7c3e","__parent":"reversePrefab_group","position":[536.078857,478.117188,182.648514],"isRenderEnabled":false,"rotationMatrix":[0.54198575,0.834709406,0.097527504,-0.838707685,0.544581831,0,-0.0531116985,-0.0817970783,0.995232821],"shapeName":"/art/shapes/objects/arrowboard_R.dae","useInstanceRenderData":true}
{"class":"TSStatic","persistentId":"7b5338eb-4437-456d-9f65-2fa2a1bf7f18","__parent":"reversePrefab_group","position":[192.24086,396.990906,177.35878],"isRenderEnabled":false,"rotationMatrix":[0.68576324,0.727449059,0.0233772267,-0.726971984,0.686160803,-0.0263632201,-0.0352184363,0.00108433515,0.999379039],"shapeName":"/art/shapes/objects/arrowboard_R.dae","useInstanceRenderData":true}
{"class":"TSStatic","persistentId":"a150d453-c751-4e85-8504-9c72f7f186eb","__parent":"reversePrefab_group","position":[895.310547,-333.996429,173.534134],"isRenderEnabled":false,"rotationMatrix":[0.625799894,0.77998358,0,-0.77998358,0.625799894,0,0,0,1],"shapeName":"/art/shapes/objects/arrowboard_R.dae","useInstanceRenderData":true}
{"class":"TSStatic","persistentId":"b4786214-61fe-4cfa-b2b7-792bec3c21ba","__parent":"reversePrefab_group","position":[157.539673,421.563599,176.129181],"isRenderEnabled":false,"rotationMatrix":[0.953460097,-0.301186383,-0.0141643053,0.301388621,0.950612187,0.0741709173,-0.00887450855,-0.0749879628,0.997144938],"shapeName":"/art/shapes/objects/arrowboard_R.dae","useInstanceRenderData":true}
{"class":"TSStatic","persistentId":"d0a9ed6b-4b8b-42cd-abc2-a8d91a731e36","__parent":"reversePrefab_group","position":[693.037476,354.145721,145.431396],"isRenderEnabled":false,"rotationMatrix":[0.991493404,-0.110877737,-0.0681684166,0.112830043,0.993287623,0.0254774243,0.064885959,-0.0329521447,0.997348487],"shapeName":"/art/shapes/objects/arrowboard_R.dae","useInstanceRenderData":true}
