//--- OBJECT WRITE BEGIN ---
$ThisPrefab = new SimGroup() {
   canSave = "1";
   canSaveDynamicFields = "1";
      groupPosition = "0 0 0";

   new TSStatic() {
      shapeName = "/levels/italy/art/shapes/buildings/italy_clutter_pallet.DAE";
      dynamic = "0";
      playAmbient = "1";
      meshCulling = "0";
      originSort = "0";
      useInstanceRenderData = "0";
      instanceColor = "White";
      instanceColor1 = "White";
      instanceColor2 = "White";
      collisionType = "Collision Mesh";
      decalType = "Collision Mesh";
      prebuildCollisionData = "0";
      renderNormals = "0";
      forceDetail = "-1";
      position = "129.219421 1384.47278 187.023087";
      scale = "1.54722428 1.54722428 1.54722428";
      rotationMatrix = "0.890523553 -0.454937279 0 0.454937279 0.890523553 0 0 0 1";
      isRenderEnabled = "false";
      mode = "Ignore";
      canSave = "1";
      canSaveDynamicFields = "1";
   };
   new TSStatic() {
      shapeName = "/levels/italy/art/shapes/buildings/italy_clutter_pallet.DAE";
      dynamic = "0";
      playAmbient = "1";
      meshCulling = "0";
      originSort = "0";
      useInstanceRenderData = "0";
      instanceColor = "White";
      instanceColor1 = "White";
      instanceColor2 = "White";
      collisionType = "Collision Mesh";
      decalType = "Collision Mesh";
      prebuildCollisionData = "0";
      renderNormals = "0";
      forceDetail = "-1";
      position = "125.929733 1388.42773 187.701477";
      scale = "1.54722428 1.54722428 1.54722428";
      rotationMatrix = "0.753339052 0.507133186 0.418683827 -0.558435619 0.829548061 0 -0.347318381 -0.233807981 0.908131897";
      isRenderEnabled = "false";
      mode = "Ignore";
      canSave = "1";
      canSaveDynamicFields = "1";
   };
   new TSStatic() {
      shapeName = "/levels/italy/art/shapes/buildings/italy_clutter_pallet.DAE";
      dynamic = "0";
      playAmbient = "1";
      meshCulling = "0";
      originSort = "0";
      useInstanceRenderData = "0";
      instanceColor = "White";
      instanceColor1 = "White";
      instanceColor2 = "White";
      collisionType = "Collision Mesh";
      decalType = "Collision Mesh";
      prebuildCollisionData = "0";
      renderNormals = "0";
      forceDetail = "-1";
      position = "125.16951 1387.91565 187.005264";
      scale = "1.54722428 1.54722428 1.54722428";
      rotationMatrix = "0.615256667 -0.788327098 0 0.788327098 0.615256667 0 0 0 1";
      isRenderEnabled = "false";
      mode = "Ignore";
      canSave = "1";
      canSaveDynamicFields = "1";
   };
   new TSStatic() {
      shapeName = "/levels/italy/art/shapes/buildings/italy_clutter_pallet.DAE";
      dynamic = "0";
      playAmbient = "1";
      meshCulling = "0";
      originSort = "0";
      useInstanceRenderData = "0";
      instanceColor = "White";
      instanceColor1 = "White";
      instanceColor2 = "White";
      collisionType = "Collision Mesh";
      decalType = "Collision Mesh";
      prebuildCollisionData = "0";
      renderNormals = "0";
      forceDetail = "-1";
      position = "131.166641 1386.12756 187.005264";
      scale = "1.54722428 1.54722428 1.54722428";
      rotationMatrix = "-0.454666108 -0.890662074 0 0.890662074 -0.454666108 0 0 0 1";
      isRenderEnabled = "false";
      mode = "Ignore";
      canSave = "1";
      canSaveDynamicFields = "1";
   };
   new TSStatic() {
      shapeName = "/levels/italy/art/shapes/buildings/italy_clutter_pallet.DAE";
      dynamic = "0";
      playAmbient = "1";
      meshCulling = "0";
      originSort = "0";
      useInstanceRenderData = "0";
      instanceColor = "White";
      instanceColor1 = "White";
      instanceColor2 = "White";
      collisionType = "Collision Mesh";
      decalType = "Collision Mesh";
      prebuildCollisionData = "0";
      renderNormals = "0";
      forceDetail = "-1";
      position = "131.166641 1386.12756 187.334915";
      scale = "1.54722428 1.54722428 1.54722428";
      rotationMatrix = "-0.678139091 -0.734933734 0 0.734933734 -0.678139091 0 0 0 1";
      isRenderEnabled = "false";
      mode = "Ignore";
      canSave = "1";
      canSaveDynamicFields = "1";
   };
   new TSStatic() {
      shapeName = "/levels/italy/art/shapes/buildings/italy_clutter_pallet.DAE";
      dynamic = "0";
      playAmbient = "1";
      meshCulling = "0";
      originSort = "0";
      useInstanceRenderData = "0";
      instanceColor = "White";
      instanceColor1 = "White";
      instanceColor2 = "White";
      collisionType = "Collision Mesh";
      decalType = "Collision Mesh";
      prebuildCollisionData = "0";
      renderNormals = "0";
      forceDetail = "-1";
      position = "126.756737 1389.33655 187.654831";
      scale = "1.54722428 1.54722428 1.54722428";
      rotationMatrix = "0.439502537 -0.89824146 0 0.89824146 0.439502537 0 0 0 1";
      isRenderEnabled = "false";
      mode = "Ignore";
      canSave = "1";
      canSaveDynamicFields = "1";
   };
   new TSStatic() {
      shapeName = "/levels/italy/art/shapes/buildings/italy_clutter_pallet.DAE";
      dynamic = "0";
      playAmbient = "1";
      meshCulling = "0";
      originSort = "0";
      useInstanceRenderData = "0";
      instanceColor = "White";
      instanceColor1 = "White";
      instanceColor2 = "White";
      collisionType = "Collision Mesh";
      decalType = "Collision Mesh";
      prebuildCollisionData = "0";
      renderNormals = "0";
      forceDetail = "-1";
      position = "127.025215 1389.60205 187.334915";
      scale = "1.54722428 1.54722428 1.54722428";
      rotationMatrix = "-0.295412064 -0.955370069 0 0.955370069 -0.295412064 0 0 0 1";
      isRenderEnabled = "false";
      mode = "Ignore";
      canSave = "1";
      canSaveDynamicFields = "1";
   };
   new TSStatic() {
      shapeName = "/levels/italy/art/shapes/buildings/italy_clutter_pallet.DAE";
      dynamic = "0";
      playAmbient = "1";
      meshCulling = "0";
      originSort = "0";
      useInstanceRenderData = "0";
      instanceColor = "White";
      instanceColor1 = "White";
      instanceColor2 = "White";
      collisionType = "Collision Mesh";
      decalType = "Collision Mesh";
      prebuildCollisionData = "0";
      renderNormals = "0";
      forceDetail = "-1";
      position = "126.932861 1389.55896 187.005264";
      scale = "1.54722428 1.54722428 1.54722428";
      rotationMatrix = "-0.0266533494 -0.999644876 0 0.999644876 -0.0266533494 0 0 0 1";
      isRenderEnabled = "false";
      mode = "Ignore";
      canSave = "1";
      canSaveDynamicFields = "1";
   };
   new TSStatic() {
      shapeName = "/levels/italy/art/shapes/buildings/italy_clutter_pallet.DAE";
      dynamic = "0";
      playAmbient = "1";
      meshCulling = "0";
      originSort = "0";
      useInstanceRenderData = "0";
      instanceColor = "White";
      instanceColor1 = "White";
      instanceColor2 = "White";
      collisionType = "Collision Mesh";
      decalType = "Collision Mesh";
      prebuildCollisionData = "0";
      renderNormals = "0";
      forceDetail = "-1";
      position = "189.180298 1411.73877 187.815475";
      scale = "1.54722428 1.54722428 1.54722428";
      rotationMatrix = "-0.719930232 0.693593621 -0.0250610765 -0.215009943 -0.25721544 -0.942131042 -0.659902275 -0.672880411 0.334306777";
      isRenderEnabled = "false";
      mode = "Ignore";
      canSave = "1";
      canSaveDynamicFields = "1";
   };
   new TSStatic() {
      shapeName = "/levels/italy/art/shapes/misc/port_bags_pile1.dae";
      dynamic = "0";
      playAmbient = "1";
      meshCulling = "0";
      originSort = "0";
      useInstanceRenderData = "0";
      instanceColor = "White";
      instanceColor1 = "White";
      instanceColor2 = "White";
      collisionType = "Collision Mesh";
      decalType = "Collision Mesh";
      prebuildCollisionData = "0";
      renderNormals = "0";
      forceDetail = "-1";
      position = "189.057281 1407.26624 187.123947";
      scale = "1 1 1";
      rotationMatrix = "-0.812853813 -0.582467556 0 0.582467556 -0.812853813 0 0 0 1";
      isRenderEnabled = "false";
      mode = "Ignore";
      canSave = "1";
      canSaveDynamicFields = "1";
   };
   new TSStatic() {
      shapeName = "/levels/italy/art/shapes/misc/port_bags_pile1.dae";
      dynamic = "0";
      playAmbient = "1";
      meshCulling = "0";
      originSort = "0";
      useInstanceRenderData = "0";
      instanceColor = "White";
      instanceColor1 = "White";
      instanceColor2 = "White";
      collisionType = "Collision Mesh";
      decalType = "Collision Mesh";
      prebuildCollisionData = "0";
      renderNormals = "0";
      forceDetail = "-1";
      position = "182.072296 1409.28015 187.123947";
      scale = "1 1 1";
      rotationMatrix = "-0.829616845 0.558333039 0 -0.558333039 -0.829616845 0 0 0 1";
      isRenderEnabled = "false";
      mode = "Ignore";
      canSave = "1";
      canSaveDynamicFields = "1";
   };
   new TSStatic() {
      shapeName = "/levels/italy/art/shapes/buildings/italy_clutter_pallet.DAE";
      dynamic = "0";
      playAmbient = "1";
      meshCulling = "0";
      originSort = "0";
      useInstanceRenderData = "0";
      instanceColor = "White";
      instanceColor1 = "White";
      instanceColor2 = "White";
      collisionType = "Collision Mesh";
      decalType = "Collision Mesh";
      prebuildCollisionData = "0";
      renderNormals = "0";
      forceDetail = "-1";
      position = "190.821472 1408.68005 188.298187";
      scale = "1.54722428 1.54722428 1.54722428";
      rotationMatrix = "-0.226310745 0.0643211305 0.971929073 -0.472663015 -0.879717112 -0.0518394411 0.851688445 -0.471126795 0.229491636";
      isRenderEnabled = "false";
      mode = "Ignore";
      canSave = "1";
      canSaveDynamicFields = "1";
   };
   new TSStatic() {
      shapeName = "/levels/italy/art/shapes/buildings/italy_clutter_pallet.DAE";
      dynamic = "0";
      playAmbient = "1";
      meshCulling = "0";
      originSort = "0";
      useInstanceRenderData = "0";
      instanceColor = "White";
      instanceColor1 = "White";
      instanceColor2 = "White";
      collisionType = "Collision Mesh";
      decalType = "Collision Mesh";
      prebuildCollisionData = "0";
      renderNormals = "0";
      forceDetail = "-1";
      position = "191.63179 1407.09827 187.504379";
      scale = "1.54722428 1.54722428 1.54722428";
      rotationMatrix = "-0.947809041 -0.317578882 -0.0283163022 0.317437261 -0.948231936 0.00948360749 -0.0298622102 0 0.999554038";
      isRenderEnabled = "false";
      mode = "Ignore";
      canSave = "1";
      canSaveDynamicFields = "1";
   };
   new TSStatic() {
      shapeName = "/levels/italy/art/shapes/buildings/italy_clutter_pallet.DAE";
      dynamic = "0";
      playAmbient = "1";
      meshCulling = "0";
      originSort = "0";
      useInstanceRenderData = "0";
      instanceColor = "White";
      instanceColor1 = "White";
      instanceColor2 = "White";
      collisionType = "Collision Mesh";
      decalType = "Collision Mesh";
      prebuildCollisionData = "0";
      renderNormals = "0";
      forceDetail = "-1";
      position = "191.906677 1406.9646 187.240845";
      scale = "1.54722428 1.54722428 1.54722428";
      rotationMatrix = "-0.986761093 0.159478992 -0.029480014 -0.159407869 -0.987201333 -0.00476239529 -0.0298622102 0 0.999554038";
      isRenderEnabled = "false";
      mode = "Ignore";
      canSave = "1";
      canSaveDynamicFields = "1";
   };
   new TSStatic() {
      shapeName = "/levels/italy/art/shapes/buildings/italy_clutter_pallet.DAE";
      dynamic = "0";
      playAmbient = "1";
      meshCulling = "0";
      originSort = "0";
      useInstanceRenderData = "0";
      instanceColor = "White";
      instanceColor1 = "White";
      instanceColor2 = "White";
      collisionType = "Collision Mesh";
      decalType = "Collision Mesh";
      prebuildCollisionData = "0";
      renderNormals = "0";
      forceDetail = "-1";
      position = "186.810013 1403.82764 187.164978";
      scale = "1.54722428 1.54722428 1.54722428";
      rotationMatrix = "-0.934776962 -0.355235159 0 0.355235159 -0.934776962 0 0 0 1";
      isRenderEnabled = "false";
      mode = "Ignore";
      canSave = "1";
      canSaveDynamicFields = "1";
   };
   new TSStatic() {
      shapeName = "/levels/italy/art/shapes/buildings/italy_clutter_pallet.DAE";
      dynamic = "0";
      playAmbient = "1";
      meshCulling = "0";
      originSort = "0";
      useInstanceRenderData = "0";
      instanceColor = "White";
      instanceColor1 = "White";
      instanceColor2 = "White";
      collisionType = "Collision Mesh";
      decalType = "Collision Mesh";
      prebuildCollisionData = "0";
      renderNormals = "0";
      forceDetail = "-1";
      position = "186.512024 1403.81006 187.4366";
      scale = "1.54722428 1.54722428 1.54722428";
      rotationMatrix = "-0.662606001 -0.748968303 0 0.748968303 -0.662606001 0 0 0 1";
      isRenderEnabled = "false";
      mode = "Ignore";
      canSave = "1";
      canSaveDynamicFields = "1";
   };
   new TSStatic() {
      shapeName = "/levels/italy/art/shapes/buildings/italy_clutter_pallet.DAE";
      dynamic = "0";
      playAmbient = "1";
      meshCulling = "0";
      originSort = "0";
      useInstanceRenderData = "0";
      instanceColor = "White";
      instanceColor1 = "White";
      instanceColor2 = "White";
      collisionType = "Collision Mesh";
      decalType = "Collision Mesh";
      prebuildCollisionData = "0";
      renderNormals = "0";
      forceDetail = "-1";
      position = "188.044922 1404.47986 187.993057";
      scale = "1.54722428 1.54722428 1.54722428";
      rotationMatrix = "-0.896228492 -0.423706681 -0.131327182 0.427408457 -0.904058576 0 -0.118727475 -0.0561303496 0.991339028";
      isRenderEnabled = "false";
      mode = "Ignore";
      canSave = "1";
      canSaveDynamicFields = "1";
   };
   new TSStatic() {
      shapeName = "/levels/italy/art/shapes/buildings/italy_clutter_pallet.DAE";
      dynamic = "0";
      playAmbient = "1";
      meshCulling = "0";
      originSort = "0";
      useInstanceRenderData = "0";
      instanceColor = "White";
      instanceColor1 = "White";
      instanceColor2 = "White";
      collisionType = "Collision Mesh";
      decalType = "Collision Mesh";
      prebuildCollisionData = "0";
      renderNormals = "0";
      forceDetail = "-1";
      position = "184.894958 1409.23901 187.018463";
      scale = "1.54722428 1.54722428 1.54722428";
      rotationMatrix = "-0.934776962 -0.355235159 0 0.355235159 -0.934776962 0 0 0 1";
      isRenderEnabled = "false";
      mode = "Ignore";
      canSave = "1";
      canSaveDynamicFields = "1";
   };
   new TSStatic() {
      shapeName = "/levels/italy/art/shapes/buildings/italy_clutter_pallet.DAE";
      dynamic = "0";
      playAmbient = "1";
      meshCulling = "0";
      originSort = "0";
      useInstanceRenderData = "0";
      instanceColor = "White";
      instanceColor1 = "White";
      instanceColor2 = "White";
      collisionType = "Collision Mesh";
      decalType = "Collision Mesh";
      prebuildCollisionData = "0";
      renderNormals = "0";
      forceDetail = "-1";
      position = "184.59697 1409.22144 187.290085";
      scale = "1.54722428 1.54722428 1.54722428";
      rotationMatrix = "-0.662606001 -0.748968303 0 0.748968303 -0.662606001 0 0 0 1";
      isRenderEnabled = "false";
      mode = "Ignore";
      canSave = "1";
      canSaveDynamicFields = "1";
   };
   new TSStatic() {
      shapeName = "/levels/italy/art/shapes/buildings/italy_clutter_pallet.DAE";
      dynamic = "0";
      playAmbient = "1";
      meshCulling = "0";
      originSort = "0";
      useInstanceRenderData = "0";
      instanceColor = "White";
      instanceColor1 = "White";
      instanceColor2 = "White";
      collisionType = "Collision Mesh";
      decalType = "Collision Mesh";
      prebuildCollisionData = "0";
      renderNormals = "0";
      forceDetail = "-1";
      position = "183.870789 1409.98035 187.750198";
      scale = "1.54722428 1.54722428 1.54722428";
      rotationMatrix = "-0.727745473 0.664023638 0.171636313 -0.674025953 -0.738707662 0 0.126789004 -0.115687311 0.98516041";
      isRenderEnabled = "false";
      mode = "Ignore";
      canSave = "1";
      canSaveDynamicFields = "1";
   };
   new TSStatic() {
      shapeName = "/levels/italy/art/shapes/buildings/italy_clutter_pallet.DAE";
      dynamic = "0";
      playAmbient = "1";
      meshCulling = "0";
      originSort = "0";
      useInstanceRenderData = "0";
      instanceColor = "White";
      instanceColor1 = "White";
      instanceColor2 = "White";
      collisionType = "Collision Mesh";
      decalType = "Collision Mesh";
      prebuildCollisionData = "0";
      renderNormals = "0";
      forceDetail = "-1";
      position = "189.753143 1405.44507 187.164978";
      scale = "1.54722428 1.54722428 1.54722428";
      rotationMatrix = "-0.934776962 -0.355235159 0 0.355235159 -0.934776962 0 0 0 1";
      isRenderEnabled = "false";
      mode = "Ignore";
      canSave = "1";
      canSaveDynamicFields = "1";
   };
   new TSStatic() {
      shapeName = "/levels/italy/art/shapes/buildings/italy_clutter_pallet.DAE";
      dynamic = "0";
      playAmbient = "1";
      meshCulling = "0";
      originSort = "0";
      useInstanceRenderData = "0";
      instanceColor = "White";
      instanceColor1 = "White";
      instanceColor2 = "White";
      collisionType = "Collision Mesh";
      decalType = "Collision Mesh";
      prebuildCollisionData = "0";
      renderNormals = "0";
      forceDetail = "-1";
      position = "189.455154 1405.42749 187.4366";
      scale = "1.54722428 1.54722428 1.54722428";
      rotationMatrix = "-0.662606001 -0.748968303 0 0.748968303 -0.662606001 0 0 0 1";
      isRenderEnabled = "false";
      mode = "Ignore";
      canSave = "1";
      canSaveDynamicFields = "1";
   };
   new TSStatic() {
      shapeName = "/levels/italy/art/shapes/buildings/italy_clutter_pallet.DAE";
      dynamic = "0";
      playAmbient = "1";
      meshCulling = "0";
      originSort = "0";
      useInstanceRenderData = "0";
      instanceColor = "White";
      instanceColor1 = "White";
      instanceColor2 = "White";
      collisionType = "Collision Mesh";
      decalType = "Collision Mesh";
      prebuildCollisionData = "0";
      renderNormals = "0";
      forceDetail = "-1";
      position = "189.632614 1405.36182 187.708176";
      scale = "1.54722428 1.54722428 1.54722428";
      rotationMatrix = "-0.879354715 -0.476167321 0 0.476167321 -0.879354715 0 0 0 1";
      isRenderEnabled = "false";
      mode = "Ignore";
      canSave = "1";
      canSaveDynamicFields = "1";
   };
   new TSStatic() {
      shapeName = "/levels/italy/art/shapes/buildings/italy_clutter_pallet.DAE";
      dynamic = "0";
      playAmbient = "1";
      meshCulling = "0";
      originSort = "0";
      useInstanceRenderData = "0";
      instanceColor = "White";
      instanceColor1 = "White";
      instanceColor2 = "White";
      collisionType = "Collision Mesh";
      decalType = "Collision Mesh";
      prebuildCollisionData = "0";
      renderNormals = "0";
      forceDetail = "-1";
      position = "190.169083 1409.20044 187.188446";
      scale = "1.54722428 1.54722428 1.54722428";
      rotationMatrix = "-0.501092076 -0.865393996 0 0.865393996 -0.501092076 0 0 0 1";
      isRenderEnabled = "false";
      mode = "Ignore";
      canSave = "1";
      canSaveDynamicFields = "1";
   };
   new TSStatic() {
      shapeName = "/levels/italy/art/shapes/buildings/italy_clutter_pallet.DAE";
      dynamic = "0";
      playAmbient = "1";
      meshCulling = "0";
      originSort = "0";
      useInstanceRenderData = "0";
      instanceColor = "White";
      instanceColor1 = "White";
      instanceColor2 = "White";
      collisionType = "Collision Mesh";
      decalType = "Collision Mesh";
      prebuildCollisionData = "0";
      renderNormals = "0";
      forceDetail = "-1";
      position = "189.94899 1408.99878 187.460068";
      scale = "1.54722428 1.54722428 1.54722428";
      rotationMatrix = "-0.0415103734 -0.999138117 0 0.999138117 -0.0415103734 0 0 0 1";
      isRenderEnabled = "false";
      mode = "Ignore";
      canSave = "1";
      canSaveDynamicFields = "1";
   };
   new TSStatic() {
      shapeName = "/levels/italy/art/shapes/buildings/italy_clutter_pallet.DAE";
      dynamic = "0";
      playAmbient = "1";
      meshCulling = "0";
      originSort = "0";
      useInstanceRenderData = "0";
      instanceColor = "White";
      instanceColor1 = "White";
      instanceColor2 = "White";
      collisionType = "Collision Mesh";
      decalType = "Collision Mesh";
      prebuildCollisionData = "0";
      renderNormals = "0";
      forceDetail = "-1";
      position = "190.128082 1409.05981 187.731644";
      scale = "1.54722428 1.54722428 1.54722428";
      rotationMatrix = "-0.381792396 -0.924248099 0 0.924248099 -0.381792396 0 0 0 1";
      isRenderEnabled = "false";
      mode = "Ignore";
      canSave = "1";
      canSaveDynamicFields = "1";
   };
   new TSStatic() {
      shapeName = "/levels/italy/art/shapes/buildings/italy_clutter_pallet.DAE";
      dynamic = "0";
      playAmbient = "1";
      meshCulling = "0";
      originSort = "0";
      useInstanceRenderData = "0";
      instanceColor = "White";
      instanceColor1 = "White";
      instanceColor2 = "White";
      collisionType = "Collision Mesh";
      decalType = "Collision Mesh";
      prebuildCollisionData = "0";
      renderNormals = "0";
      forceDetail = "-1";
      position = "189.976257 1408.94092 188.003296";
      scale = "1.54722428 1.54722428 1.54722428";
      rotationMatrix = "-0.618313789 -0.785931349 0 0.785931349 -0.618313789 0 0 0 1";
      isRenderEnabled = "false";
      mode = "Ignore";
      canSave = "1";
      canSaveDynamicFields = "1";
   };
   new BeamNGVehicle(clone3) {
      jbeam = "cardboard_box";
      color = "White";
      colorPalette0 = "White";
      colorPalette1 = "White";
      metallicPaintData[0] = "0.200000003 0.5 0.800000012 0";
      metallicPaintData[1] = "0.200000003 0.5 0.800000012 0";
      metallicPaintData[2] = "0.200000003 0.5 0.800000012 0";
      metallicPaintData[3] = "1 1 1 1";
      partConfig = "vehicles/cardboard_box/large.pc";
      renderDistance = "500";
      renderFade = "0.100000001";
      dataBlock = "default_vehicle";
      position = "115.389565 1387.23218 187.014145";
      rotationMatrix = "-0.470945656 -0.882162213 0 0.882162213 -0.470945656 0 0 0 1";
      annotation = "CAR";
      mode = "Ignore";
      canSave = "1";
      canSaveDynamicFields = "1";
         autoEnterVehicle = "true";
   };
   new BeamNGVehicle(clone4) {
      jbeam = "cardboard_box";
      color = "White";
      colorPalette0 = "White";
      colorPalette1 = "White";
      metallicPaintData[0] = "0.200000003 0.5 0.800000012 0";
      metallicPaintData[1] = "0.200000003 0.5 0.800000012 0";
      metallicPaintData[2] = "0.200000003 0.5 0.800000012 0";
      metallicPaintData[3] = "1 1 1 1";
      partConfig = "vehicles/cardboard_box/small.pc";
      renderDistance = "500";
      renderFade = "0.100000001";
      dataBlock = "default_vehicle";
      position = "114.097832 1387.79565 188.479294";
      rotationMatrix = "-0.872424662 0.488637924 -0.0103945229 -0.488688886 -0.872453213 0.00293437368 -0.00763489027 0.00763970893 0.999941766";
      annotation = "CAR";
      mode = "Ignore";
      canSave = "1";
      canSaveDynamicFields = "1";
         autoEnterVehicle = "true";
   };
   new BeamNGVehicle(clone5) {
      jbeam = "cardboard_box";
      color = "White";
      colorPalette0 = "White";
      colorPalette1 = "White";
      metallicPaintData[0] = "0.200000003 0.5 0.800000012 0";
      metallicPaintData[1] = "0.200000003 0.5 0.800000012 0";
      metallicPaintData[2] = "0.200000003 0.5 0.800000012 0";
      metallicPaintData[3] = "1 1 1 1";
      partConfig = "vehicles/cardboard_box/large.pc";
      renderDistance = "500";
      renderFade = "0.100000001";
      dataBlock = "default_vehicle";
      position = "114.344849 1386.85254 187.020874";
      rotationMatrix = "0.984954178 -0.172815412 0 0.172815412 0.984954178 0 0 0 1";
      annotation = "CAR";
      mode = "Ignore";
      canSave = "1";
      canSaveDynamicFields = "1";
         autoEnterVehicle = "true";
   };
   new BeamNGVehicle(clone6) {
      jbeam = "fridge";
      color = "White";
      colorPalette0 = "White";
      colorPalette1 = "White";
      metallicPaintData[0] = "0.200000003 0.5 0.800000012 0";
      metallicPaintData[1] = "0.200000003 0.5 0.800000012 0";
      metallicPaintData[2] = "0.200000003 0.5 0.800000012 0";
      metallicPaintData[3] = "1 1 1 1";
      partConfig = "fridge";
      renderDistance = "500";
      renderFade = "0.100000001";
      dataBlock = "default_vehicle";
      position = "114.104248 1387.34631 187.013229";
      rotationMatrix = "-0.0781385154 0.996937633 0.00313562155 -0.996942639 -0.0781376362 -0.000400966994 -0.000154728987 -0.00315736514 0.999994993";
      annotation = "CAR";
      mode = "Ignore";
      canSave = "1";
      canSaveDynamicFields = "1";
         autoEnterVehicle = "true";
   };
   new TSStatic() {
      shapeName = "/levels/italy/art/shapes/misc/port_water_container.dae";
      dynamic = "0";
      playAmbient = "1";
      meshCulling = "0";
      originSort = "0";
      useInstanceRenderData = "0";
      instanceColor = "White";
      instanceColor1 = "White";
      instanceColor2 = "White";
      collisionType = "Collision Mesh";
      decalType = "Collision Mesh";
      prebuildCollisionData = "0";
      renderNormals = "0";
      forceDetail = "-1";
      position = "173.528305 1357.5918 187.08284";
      scale = "1 1 1";
      rotationMatrix = "0.994442701 -0.105278462 5.51248363e-08 0.105278462 0.994442701 6.43766782e-08 -2.4423727e-07 -4.41154299e-07 1";
      isRenderEnabled = "false";
      mode = "Ignore";
      canSave = "1";
      canSaveDynamicFields = "1";
   };
   new BeamNGVehicle(clone) {
      jbeam = "van";
      color = "0.829999983 0.829999983 0.829999983 1.20000005";
      colorPalette0 = "0.829999983 0.829999983 0.829999983 1.20000005";
      colorPalette1 = "0.829999983 0.829999983 0.829999983 1.20000005";
      metallicPaintData[0] = "0.300000012 0.600000024 1 0.0799999982";
      metallicPaintData[1] = "0.300000012 0.600000024 1 0.0799999982";
      metallicPaintData[2] = "0.300000012 0.600000024 1 0.0799999982";
      metallicPaintData[3] = "1 1 1 1";
      partConfig = "vehicles/van/h15_vanster.pc";
      renderDistance = "500";
      renderFade = "0.100000001";
      dataBlock = "default_vehicle";
      position = "109.884872 1384.91516 187.305435";
      rotationMatrix = "0.865450859 -0.500984371 0.00306594046 0.500950038 0.865439951 0.00790997036 -0.00661615795 -0.00530980667 0.999963999";
      annotation = "CAR";
      mode = "Ignore";
      canSave = "1";
      canSaveDynamicFields = "1";
      persistentId = "40cff014-2063-4ead-8d31-002f77941d12";
         autoEnterVehicle = "true";
         licenseDesign = "vehicles/common/licenseplates/italy/licensePlate-default.json";
         licenseFormats = "[\"30-15\"]";
         licenseText = "NT417170";
   };
   new TSStatic() {
      shapeName = "/levels/italy/art/shapes/misc/port_scrap3.dae";
      dynamic = "0";
      playAmbient = "1";
      meshCulling = "0";
      originSort = "0";
      useInstanceRenderData = "0";
      instanceColor = "White";
      instanceColor1 = "White";
      instanceColor2 = "White";
      collisionType = "Collision Mesh";
      decalType = "Collision Mesh";
      prebuildCollisionData = "0";
      renderNormals = "0";
      forceDetail = "-1";
      position = "169.396515 1355.07373 188.520081";
      scale = "1 1 1";
      rotationMatrix = "0.36335656 -0.501699388 0.785028458 0.809898257 0.586570084 0 -0.460474312 0.635793209 0.619459689";
      isRenderEnabled = "false";
      mode = "Ignore";
      canSave = "1";
      canSaveDynamicFields = "1";
      persistentId = "dc18da9e-7cc8-4924-8f00-28b0d2334a16";
   };
   new TSStatic() {
      shapeName = "/levels/italy/art/shapes/buildings/b_sewer_pipe_3m.DAE";
      dynamic = "0";
      playAmbient = "1";
      meshCulling = "0";
      originSort = "0";
      useInstanceRenderData = "0";
      instanceColor = "White";
      instanceColor1 = "White";
      instanceColor2 = "White";
      collisionType = "Collision Mesh";
      decalType = "Collision Mesh";
      prebuildCollisionData = "0";
      renderNormals = "0";
      forceDetail = "-1";
      position = "139.05603 1433.61523 187.484985";
      scale = "1 1 1";
      rotationMatrix = "-0.538107097 0.678557992 0.499999374 0.310675889 -0.391765296 0.866025329 0.78353101 0.621352255 7.74286448e-08";
      isRenderEnabled = "false";
      mode = "Ignore";
      canSave = "1";
      canSaveDynamicFields = "1";
      persistentId = "cf859493-f3b9-4102-a15b-5c6895d94447";
   };
   new TSStatic() {
      shapeName = "/levels/italy/art/shapes/buildings/b_sewer_pipe_3m.DAE";
      dynamic = "0";
      playAmbient = "1";
      meshCulling = "0";
      originSort = "0";
      useInstanceRenderData = "0";
      instanceColor = "White";
      instanceColor1 = "White";
      instanceColor2 = "White";
      collisionType = "Collision Mesh";
      decalType = "Collision Mesh";
      prebuildCollisionData = "0";
      renderNormals = "0";
      forceDetail = "-1";
      position = "139.672379 1432.83801 187.484985";
      scale = "1 1 1";
      rotationMatrix = "-2.7776619e-07 3.50265736e-07 0.999999821 0.621352375 -0.783531189 3.7252903e-07 0.78353101 0.621352255 4.08562073e-14";
      isRenderEnabled = "false";
      mode = "Ignore";
      canSave = "1";
      canSaveDynamicFields = "1";
      persistentId = "7ff62369-0575-4997-a3fe-e7b02e7deaba";
   };
   new TSStatic() {
      shapeName = "/levels/italy/art/shapes/buildings/b_sewer_pipe_3m.DAE";
      dynamic = "0";
      playAmbient = "1";
      meshCulling = "0";
      originSort = "0";
      useInstanceRenderData = "0";
      instanceColor = "White";
      instanceColor1 = "White";
      instanceColor2 = "White";
      collisionType = "Collision Mesh";
      decalType = "Collision Mesh";
      prebuildCollisionData = "0";
      renderNormals = "0";
      forceDetail = "-1";
      position = "139.361359 1433.23022 188.334869";
      scale = "1 1 1";
      rotationMatrix = "-0.621352434 0.783531129 8.94069458e-08 -1.4500082e-08 -1.25606505e-07 1 0.783531129 0.621352434 8.94071803e-08";
      isRenderEnabled = "false";
      mode = "Ignore";
      canSave = "1";
      canSaveDynamicFields = "1";
      persistentId = "7f773cc7-7f31-42c6-abfa-8e99800fc22f";
   };
   new TSStatic() {
      shapeName = "/levels/italy/art/shapes/misc/port_dumpster.dae";
      dynamic = "0";
      playAmbient = "1";
      meshCulling = "0";
      originSort = "0";
      useInstanceRenderData = "0";
      instanceColor = "White";
      instanceColor1 = "White";
      instanceColor2 = "White";
      collisionType = "Collision Mesh";
      decalType = "Collision Mesh";
      prebuildCollisionData = "0";
      renderNormals = "0";
      forceDetail = "-1";
      position = "168.385574 1356.58411 186.921555";
      scale = "1 1 1";
      rotationMatrix = "0.699260056 -0.714867175 0 0.714867175 0.699260056 0 0 0 1";
      isRenderEnabled = "false";
      mode = "Ignore";
      canSave = "1";
      canSaveDynamicFields = "1";
      persistentId = "6fd41c0e-9ea5-40aa-b4fa-6afe4a58f0ec";
   };
   new TSStatic() {
      shapeName = "/levels/italy/art/shapes/buildings/b_sewer_pipe_3m.DAE";
      dynamic = "0";
      playAmbient = "1";
      meshCulling = "0";
      originSort = "0";
      useInstanceRenderData = "0";
      instanceColor = "White";
      instanceColor1 = "White";
      instanceColor2 = "White";
      collisionType = "Collision Mesh";
      decalType = "Collision Mesh";
      prebuildCollisionData = "0";
      renderNormals = "0";
      forceDetail = "-1";
      position = "138.446777 1434.38354 187.484985";
      scale = "1 1 1";
      rotationMatrix = "-2.7776619e-07 3.50265736e-07 0.999999821 0.621352375 -0.783531189 3.7252903e-07 0.78353101 0.621352255 4.08562073e-14";
      isRenderEnabled = "false";
      mode = "Ignore";
      canSave = "1";
      canSaveDynamicFields = "1";
      persistentId = "6523bce1-f8e4-4199-a969-d74c47e14195";
   };
   new TSStatic() {
      shapeName = "/levels/italy/art/shapes/misc/port_bags_pile1.dae";
      dynamic = "0";
      playAmbient = "1";
      meshCulling = "0";
      originSort = "0";
      useInstanceRenderData = "0";
      instanceColor = "White";
      instanceColor1 = "White";
      instanceColor2 = "White";
      collisionType = "Collision Mesh";
      decalType = "Collision Mesh";
      prebuildCollisionData = "0";
      renderNormals = "0";
      forceDetail = "-1";
      position = "172.3797 1359.66809 187.123947";
      scale = "1 1 1";
      rotationMatrix = "-0.829616845 0.558333039 0 -0.558333039 -0.829616845 0 0 0 1";
      isRenderEnabled = "false";
      mode = "Ignore";
      canSave = "1";
      canSaveDynamicFields = "1";
      persistentId = "58ce13ec-8f68-4d43-b3fd-aec45ff5d2b2";
   };
   new TSStatic() {
      shapeName = "/levels/italy/art/shapes/buildings/b_sewer_pipe_3m.DAE";
      dynamic = "0";
      playAmbient = "1";
      meshCulling = "0";
      originSort = "0";
      useInstanceRenderData = "0";
      instanceColor = "White";
      instanceColor1 = "White";
      instanceColor2 = "White";
      collisionType = "Collision Mesh";
      decalType = "Collision Mesh";
      prebuildCollisionData = "0";
      renderNormals = "0";
      forceDetail = "-1";
      position = "138.743912 1434.00891 188.33577";
      scale = "1 1 1";
      rotationMatrix = "0.621352434 -0.783531129 0 -7.00531473e-08 -5.55532367e-08 -0.999999762 0.783530951 0.621352315 -8.94069672e-08";
      isRenderEnabled = "false";
      mode = "Ignore";
      canSave = "1";
      canSaveDynamicFields = "1";
      persistentId = "487a7517-3a4c-46ec-8f1e-a38e5c6667a8";
   };
   new TSStatic() {
      shapeName = "/levels/italy/art/shapes/misc/port_bags_pile1.dae";
      dynamic = "0";
      playAmbient = "1";
      meshCulling = "0";
      originSort = "0";
      useInstanceRenderData = "0";
      instanceColor = "White";
      instanceColor1 = "White";
      instanceColor2 = "White";
      collisionType = "Collision Mesh";
      decalType = "Collision Mesh";
      prebuildCollisionData = "0";
      renderNormals = "0";
      forceDetail = "-1";
      position = "167.19104 1357.65527 188.57933";
      scale = "1 1 1";
      rotationMatrix = "-0.442346334 0.896844149 0 -0.896844149 -0.442346334 0 0 0 1";
      isRenderEnabled = "false";
      mode = "Ignore";
      canSave = "1";
      canSaveDynamicFields = "1";
      persistentId = "3bb97334-1884-4468-b128-cad7927e3a86";
   };
   new TSStatic() {
      shapeName = "/levels/italy/art/shapes/buildings/b_sewer_pipe_3m.DAE";
      dynamic = "0";
      playAmbient = "1";
      meshCulling = "0";
      originSort = "0";
      useInstanceRenderData = "0";
      instanceColor = "White";
      instanceColor1 = "White";
      instanceColor2 = "White";
      collisionType = "Collision Mesh";
      decalType = "Collision Mesh";
      prebuildCollisionData = "0";
      renderNormals = "0";
      forceDetail = "-1";
      position = "139.049255 1433.6239 189.185623";
      scale = "1 1 1";
      rotationMatrix = "0.538107216 -0.678558171 -0.499999523 -0.310676008 0.391765147 -0.866025746 0.78353107 0.621352553 -7.74286946e-08";
      isRenderEnabled = "false";
      mode = "Ignore";
      canSave = "1";
      canSaveDynamicFields = "1";
      persistentId = "357e7acf-88fc-4312-86d9-2ad3d0856443";
   };
   new TSStatic() {
      shapeName = "/levels/italy/art/shapes/misc/port_scrap3.dae";
      dynamic = "0";
      playAmbient = "1";
      meshCulling = "0";
      originSort = "0";
      useInstanceRenderData = "0";
      instanceColor = "White";
      instanceColor1 = "White";
      instanceColor2 = "White";
      collisionType = "Collision Mesh";
      decalType = "Collision Mesh";
      prebuildCollisionData = "0";
      renderNormals = "0";
      forceDetail = "-1";
      position = "170.184143 1361.31238 187.153168";
      scale = "1 1 1";
      rotationMatrix = "0.682077348 -0.729414105 -0.0522067547 0.730164111 0.683241367 -0.00646023452 0.0403819941 -0.0337131284 0.998615086";
      isRenderEnabled = "false";
      mode = "Ignore";
      canSave = "1";
      canSaveDynamicFields = "1";
      persistentId = "28f2e987-dc0e-420d-9828-365914a7f81f";
   };
   new TSStatic() {
      shapeName = "/levels/italy/art/shapes/misc/port_bags_pile1.dae";
      dynamic = "0";
      playAmbient = "1";
      meshCulling = "0";
      originSort = "0";
      useInstanceRenderData = "0";
      instanceColor = "White";
      instanceColor1 = "White";
      instanceColor2 = "White";
      collisionType = "Collision Mesh";
      decalType = "Collision Mesh";
      prebuildCollisionData = "0";
      renderNormals = "0";
      forceDetail = "-1";
      position = "168.363541 1356.74646 188.493469";
      scale = "1 1 1";
      rotationMatrix = "0.442346394 -0.896844149 0 0.896844149 0.442346394 0 0 0 1";
      isRenderEnabled = "false";
      mode = "Ignore";
      canSave = "1";
      canSaveDynamicFields = "1";
      persistentId = "26f10b89-f050-4877-8d96-590f1a4fd357";
   };
   new BeamNGVehicle(clone1) {
      jbeam = "cones";
      color = "White";
      colorPalette0 = "White";
      colorPalette1 = "White";
      metallicPaintData[0] = "0.200000003 0.5 0.800000012 0";
      metallicPaintData[1] = "0.200000003 0.5 0.800000012 0";
      metallicPaintData[2] = "0.200000003 0.5 0.800000012 0";
      metallicPaintData[3] = "1 1 1 1";
      partConfig = "vehicles/cones/small.pc";
      renderDistance = "500";
      renderFade = "0.100000001";
      dataBlock = "default_vehicle";
      position = "144.509964 1434.67761 187.023468";
      rotationMatrix = "-0.945382953 -0.325927466 -0.00473022088 0.325872302 -0.945363879 0.00971535407 -0.00763828121 0.00764328195 0.999941647";
      annotation = "CAR";
      mode = "Ignore";
      canSave = "1";
      canSaveDynamicFields = "1";
      persistentId = "be70906e-8b27-437e-b1e4-1e9ba8f32909";
         autoEnterVehicle = "true";
   };
   new BeamNGVehicle(clone0) {
      jbeam = "woodcrate";
      color = "White";
      colorPalette0 = "White";
      colorPalette1 = "White";
      metallicPaintData[0] = "0.200000003 0.5 0.800000012 0";
      metallicPaintData[1] = "0.200000003 0.5 0.800000012 0";
      metallicPaintData[2] = "0.200000003 0.5 0.800000012 0";
      metallicPaintData[3] = "1 1 1 1";
      partConfig = "vehicles/woodcrate/large.pc";
      renderDistance = "500";
      renderFade = "0.100000001";
      dataBlock = "default_vehicle";
      position = "143.152023 1436.04395 187.020828";
      rotationMatrix = "-0.945429444 -0.325784832 -0.00521871168 0.325756818 -0.945437193 0.0055540246 -0.00674338173 0.00355090806 0.999971032";
      annotation = "CAR";
      mode = "Ignore";
      canSave = "1";
      canSaveDynamicFields = "1";
      persistentId = "a78180cb-fb85-45f4-8ee7-3572382157c7";
         autoEnterVehicle = "true";
   };
   new BeamNGVehicle(clone2) {
      jbeam = "cones";
      color = "White";
      colorPalette0 = "White";
      colorPalette1 = "White";
      metallicPaintData[0] = "0.200000003 0.5 0.800000012 0";
      metallicPaintData[1] = "0.200000003 0.5 0.800000012 0";
      metallicPaintData[2] = "0.200000003 0.5 0.800000012 0";
      metallicPaintData[3] = "1 1 1 1";
      partConfig = "vehicles/cones/small.pc";
      renderDistance = "500";
      renderFade = "0.100000001";
      dataBlock = "default_vehicle";
      position = "146.133484 1436.47595 187.020325";
