//--- OBJECT WRITE BEGIN ---
$ThisPrefab = new SimGroup() {
   canSave = "1";
   canSaveDynamicFields = "1";
      groupPosition = "0 0 0";

   new TSStatic() {
      shapeName = "/art/shapes/race/s_concrete_race_barrier.dae";
      dynamic = "0";
      playAmbient = "1";
      meshCulling = "0";
      originSort = "0";
      useInstanceRenderData = "1";
      instanceColor = "White";
      instanceColor1 = "White";
      instanceColor2 = "White";
      collisionType = "Collision Mesh";
      decalType = "Collision Mesh";
      prebuildCollisionData = "0";
      renderNormals = "0";
      forceDetail = "-1";
      position = "-340.230255 -885.736145 132.809143";
      scale = "1 1 1";
      rotationMatrix = "0.0460852981 -0.998877406 0.0109444801 0.998900056 0.0459860563 -0.00914942194 0.00863585994 0.0113540953 0.999898255";
      isRenderEnabled = "false";
      canSave = "1";
      canSaveDynamicFields = "1";
      persistentId = "9277690a-5d28-4853-bf19-879957a55467";
   };
   new TSStatic() {
      shapeName = "/art/shapes/race/s_concrete_race_barrier.dae";
      dynamic = "0";
      playAmbient = "1";
      meshCulling = "0";
      originSort = "0";
      useInstanceRenderData = "1";
      instanceColor = "White";
      instanceColor1 = "White";
      instanceColor2 = "White";
      collisionType = "Collision Mesh";
      decalType = "Collision Mesh";
      prebuildCollisionData = "0";
      renderNormals = "0";
      forceDetail = "-1";
      position = "-340.076202 -889.263855 132.8311";
      scale = "1 1 1";
      rotationMatrix = "0.0459493995 -0.998942614 0.00143760606 0.998916149 0.0459374189 -0.0074863662 0.00741241127 0.00178004103 0.999970973";
      isRenderEnabled = "false";
      canSave = "1";
      canSaveDynamicFields = "1";
      persistentId = "bfe81a1e-4f8d-47e4-9543-8d178c2e073a";
   };
   new TSStatic() {
      shapeName = "/art/shapes/race/s_concrete_race_barrier.dae";
      dynamic = "0";
      playAmbient = "1";
      meshCulling = "0";
      originSort = "0";
      useInstanceRenderData = "1";
      instanceColor = "White";
      instanceColor1 = "White";
      instanceColor2 = "White";
      collisionType = "Collision Mesh";
      decalType = "Collision Mesh";
      prebuildCollisionData = "0";
      renderNormals = "0";
      forceDetail = "-1";
      position = "-339.748322 -896.392395 132.789963";
      scale = "1 1 1";
      rotationMatrix = "0.045804143 -0.998948812 -0.0016974255 0.998923779 0.0458152294 -0.00720657222 0.007276766 -0.00136550888 0.999972582";
      isRenderEnabled = "false";
      canSave = "1";
      canSaveDynamicFields = "1";
      persistentId = "a3fe99c9-01bc-44eb-91e7-4c0d6806d898";
   };
   new TSStatic() {
      shapeName = "/art/shapes/race/s_concrete_race_barrier.dae";
      dynamic = "0";
      playAmbient = "1";
      meshCulling = "0";
      originSort = "0";
      useInstanceRenderData = "1";
      instanceColor = "White";
      instanceColor1 = "White";
      instanceColor2 = "White";
      collisionType = "Collision Mesh";
      decalType = "Collision Mesh";
      prebuildCollisionData = "0";
      renderNormals = "0";
      forceDetail = "-1";
      position = "-339.902771 -892.863953 132.810364";
      scale = "1 1 1";
      rotationMatrix = "0.0455655456 -0.998958468 0.00236406783 0.998882413 0.0455320477 -0.0126711708 0.0125503335 0.00293879397 0.999916911";
      isRenderEnabled = "false";
      canSave = "1";
      canSaveDynamicFields = "1";
      persistentId = "facac869-d684-455f-8f32-edc4b26b3481";
   };
   new TSStatic() {
      shapeName = "/art/shapes/race/s_concrete_race_barrier.dae";
      dynamic = "0";
      playAmbient = "1";
      meshCulling = "0";
      originSort = "0";
      useInstanceRenderData = "1";
      instanceColor = "White";
      instanceColor1 = "White";
      instanceColor2 = "White";
      collisionType = "Collision Mesh";
      decalType = "Collision Mesh";
      prebuildCollisionData = "0";
      renderNormals = "0";
      forceDetail = "-1";
      position = "-325.879059 -885.081604 132.390793";
      scale = "1 1 1";
      rotationMatrix = "0.0456203222 -0.998942971 -0.00562075898 0.998439908 0.0457772017 -0.0319679491 0.0321914628 -0.00415360834 0.999473095";
      isRenderEnabled = "false";
      canSave = "1";
      canSaveDynamicFields = "1";
   };
   new TSStatic() {
      shapeName = "/art/shapes/race/s_concrete_race_barrier.dae";
      dynamic = "0";
      playAmbient = "1";
      meshCulling = "0";
      originSort = "0";
      useInstanceRenderData = "1";
      instanceColor = "White";
      instanceColor1 = "White";
      instanceColor2 = "White";
      collisionType = "Collision Mesh";
      decalType = "Collision Mesh";
      prebuildCollisionData = "0";
      renderNormals = "0";
      forceDetail = "-1";
      position = "-325.725189 -888.609619 132.414459";
      scale = "1 1 1";
      rotationMatrix = "0.0462724566 -0.998811305 0.0153204305 0.998890221 0.0461303592 -0.00950039551 0.00878236722 0.015743034 0.999837518";
      isRenderEnabled = "false";
      canSave = "1";
      canSaveDynamicFields = "1";
      persistentId = "f9d3fd0c-156b-4e64-b974-e25d97cc20a6";
   };
   new TSStatic() {
      shapeName = "/art/shapes/race/s_concrete_race_barrier.dae";
      dynamic = "0";
      playAmbient = "1";
      meshCulling = "0";
      originSort = "0";
      useInstanceRenderData = "1";
      instanceColor = "White";
      instanceColor1 = "White";
      instanceColor2 = "White";
      collisionType = "Collision Mesh";
      decalType = "Collision Mesh";
      prebuildCollisionData = "0";
      renderNormals = "0";
      forceDetail = "-1";
      position = "-325.397125 -895.737854 132.444473";
      scale = "1 1 1";
      rotationMatrix = "0.0457984805 -0.99894768 -0.00244767149 0.998923957 0.0458150506 -0.00720657315 0.00731112994 -0.00211498723 0.999971032";
      isRenderEnabled = "false";
      canSave = "1";
      canSaveDynamicFields = "1";
      persistentId = "b6c9444a-9736-4c5c-a28d-b646b10051bd";
   };
   new TSStatic() {
      shapeName = "/art/shapes/race/s_concrete_race_barrier.dae";
      dynamic = "0";
      playAmbient = "1";
      meshCulling = "0";
      originSort = "0";
      useInstanceRenderData = "1";
      instanceColor = "White";
      instanceColor1 = "White";
      instanceColor2 = "White";
      collisionType = "Collision Mesh";
      decalType = "Collision Mesh";
      prebuildCollisionData = "0";
      renderNormals = "0";
      forceDetail = "-1";
      position = "-325.551575 -892.209412 132.459641";
      scale = "1 1 1";
      rotationMatrix = "0.0456832051 -0.998925328 0.00781887956 0.998934388 0.0456293821 -0.00692798803 0.00656377291 0.00812704023 0.999945462";
      isRenderEnabled = "false";
      canSave = "1";
      canSaveDynamicFields = "1";
      persistentId = "a175dc99-6ef0-44d5-a8aa-5391886e8473";
   };
   new TSStatic() {
      shapeName = "/art/shapes/race/s_concrete_race_barrier.dae";
      dynamic = "0";
      playAmbient = "1";
      meshCulling = "0";
      originSort = "0";
      useInstanceRenderData = "1";
      instanceColor = "White";
      instanceColor1 = "White";
      instanceColor2 = "White";
      collisionType = "Collision Mesh";
      decalType = "Collision Mesh";
      prebuildCollisionData = "0";
      renderNormals = "0";
      forceDetail = "-1";
      position = "-607.94043 -627.541321 163.221222";
      scale = "1 1 1";
      rotationMatrix = "0.325228155 -0.942744553 -0.0738867372 0.945631802 0.324452341 0.0226075314 0.00265959278 -0.0772222579 0.99701035";
      isRenderEnabled = "false";
      canSave = "1";
      canSaveDynamicFields = "1";
      persistentId = "84cb5a2a-9087-4aee-85c8-ea48752c5a3c";
   };
   new TSStatic() {
      shapeName = "/art/shapes/race/s_concrete_race_barrier.dae";
      dynamic = "0";
      playAmbient = "1";
      meshCulling = "0";
      originSort = "0";
      useInstanceRenderData = "1";
      instanceColor = "White";
      instanceColor1 = "White";
      instanceColor2 = "White";
      collisionType = "Collision Mesh";
      decalType = "Collision Mesh";
      prebuildCollisionData = "0";
      renderNormals = "0";
      forceDetail = "-1";
      position = "-606.788269 -630.886414 162.949142";
      scale = "1 1 1";
      rotationMatrix = "0.325833797 -0.942022324 -0.0801625401 0.945426226 0.324764311 0.0264037289 0.00116102025 -0.0843910128 0.996432066";
      isRenderEnabled = "false";
      canSave = "1";
      canSaveDynamicFields = "1";
   };
   new TSStatic() {
      shapeName = "/art/shapes/race/s_concrete_race_barrier.dae";
      dynamic = "0";
      playAmbient = "1";
      meshCulling = "0";
      originSort = "0";
      useInstanceRenderData = "1";
      instanceColor = "White";
      instanceColor1 = "White";
      instanceColor2 = "White";
      collisionType = "Collision Mesh";
      decalType = "Collision Mesh";
      prebuildCollisionData = "0";
      renderNormals = "0";
      forceDetail = "-1";
      position = "-604.439819 -637.631958 162.339188";
      scale = "1 1 1";
      rotationMatrix = "0.325387657 -0.941714227 -0.0854224861 0.944739282 0.319958806 0.0713719875 -0.0398803465 -0.103925556 0.993785203";
      isRenderEnabled = "false";
      canSave = "1";
      canSaveDynamicFields = "1";
   };
   new TSStatic() {
      shapeName = "/art/shapes/race/s_concrete_race_barrier.dae";
      dynamic = "0";
      playAmbient = "1";
      meshCulling = "0";
      originSort = "0";
      useInstanceRenderData = "1";
      instanceColor = "White";
      instanceColor1 = "White";
      instanceColor2 = "White";
      collisionType = "Collision Mesh";
      decalType = "Collision Mesh";
      prebuildCollisionData = "0";
      renderNormals = "0";
      forceDetail = "-1";
      position = "-605.589661 -634.279297 162.679611";
      scale = "1 1 1";
      rotationMatrix = "0.323647976 -0.942083001 -0.0879301876 0.945183754 0.317650437 0.0756705105 -0.0433568209 -0.107600793 0.993248343";
      isRenderEnabled = "false";
      canSave = "1";
      canSaveDynamicFields = "1";
      persistentId = "6360f866-0232-4d77-9c4e-df56cfed10dc";
   };
   new TSStatic() {
      shapeName = "/art/shapes/race/s_concrete_race_barrier.dae";
      dynamic = "0";
      playAmbient = "1";
      meshCulling = "0";
      originSort = "0";
      useInstanceRenderData = "1";
      instanceColor = "White";
      instanceColor1 = "White";
      instanceColor2 = "White";
      collisionType = "Collision Mesh";
      decalType = "Collision Mesh";
      prebuildCollisionData = "0";
      renderNormals = "0";
      forceDetail = "-1";
      position = "-758.053528 -86.0339432 296.942749";
      scale = "1 1 1";
      rotationMatrix = "-0.237896919 -0.971186697 -0.0141869131 0.971152604 -0.237591863 -0.0203101635 0.0163542684 -0.0186093859 0.999693096";
      isRenderEnabled = "false";
      canSave = "1";
      canSaveDynamicFields = "1";
      persistentId = "04805bfc-2ee4-4248-b1d2-7e3479efb985";
   };
   new TSStatic() {
      shapeName = "/art/shapes/race/s_concrete_race_barrier.dae";
      dynamic = "0";
      playAmbient = "1";
      meshCulling = "0";
      originSort = "0";
      useInstanceRenderData = "1";
      instanceColor = "White";
      instanceColor1 = "White";
      instanceColor2 = "White";
      collisionType = "Collision Mesh";
      decalType = "Collision Mesh";
      prebuildCollisionData = "0";
      renderNormals = "0";
      forceDetail = "-1";
      position = "-758.879761 -89.4667435 296.888397";
      scale = "1 1 1";
      rotationMatrix = "-0.24069798 -0.970591843 -0.0039681755 0.970461667 -0.240592599 -0.017860882 0.0163809154 -0.00815004203 0.99983263";
      isRenderEnabled = "false";
      canSave = "1";
      canSaveDynamicFields = "1";
      persistentId = "132ffdbb-b26b-4ef2-8caf-9b20c22c30b0";
   };
   new TSStatic() {
      shapeName = "/art/shapes/race/s_concrete_race_barrier.dae";
      dynamic = "0";
      playAmbient = "1";
      meshCulling = "0";
      originSort = "0";
      useInstanceRenderData = "1";
      instanceColor = "White";
      instanceColor1 = "White";
      instanceColor2 = "White";
      collisionType = "Collision Mesh";
      decalType = "Collision Mesh";
      prebuildCollisionData = "0";
      renderNormals = "0";
      forceDetail = "-1";
      position = "-760.533875 -96.407547 296.763";
      scale = "1 1 1";
      rotationMatrix = "-0.239408851 -0.970586777 -0.0253831781 0.970136046 -0.238084674 -0.0463813432 0.0389737748 -0.0357292555 0.998601258";
      isRenderEnabled = "false";
      canSave = "1";
      canSaveDynamicFields = "1";
      persistentId = "fb8cbb59-a26e-42e1-9354-82b39e6a4b65";
   };
   new TSStatic() {
      shapeName = "/art/shapes/race/s_concrete_race_barrier.dae";
      dynamic = "0";
      playAmbient = "1";
      meshCulling = "0";
      originSort = "0";
      useInstanceRenderData = "1";
      instanceColor = "White";
      instanceColor1 = "White";
      instanceColor2 = "White";
      collisionType = "Collision Mesh";
      decalType = "Collision Mesh";
      prebuildCollisionData = "0";
      renderNormals = "0";
      forceDetail = "-1";
      position = "-759.70752 -92.9742737 296.845154";
      scale = "1 1 1";
      rotationMatrix = "-0.235526085 -0.97135675 -0.0315231048 0.971568227 -0.234523773 -0.0324654169 0.0241425857 -0.0382732935 0.998975635";
      isRenderEnabled = "false";
      canSave = "1";
      canSaveDynamicFields = "1";
      persistentId = "897bf8e9-725a-4526-84e2-b5029865539c";
   };
   new TSStatic() {
      shapeName = "/art/shapes/race/s_concrete_race_barrier.dae";
      dynamic = "0";
      playAmbient = "1";
      meshCulling = "0";
      originSort = "0";
      useInstanceRenderData = "1";
      instanceColor = "White";
      instanceColor1 = "White";
      instanceColor2 = "White";
      collisionType = "Collision Mesh";
      decalType = "Collision Mesh";
      prebuildCollisionData = "0";
      renderNormals = "0";
      forceDetail = "-1";
      position = "-767.538818 -83.746315 296.917725";
      scale = "1 1 1";
      rotationMatrix = "-0.236850262 -0.9712798 -0.0227502361 0.965402186 -0.237917185 0.10674268 -0.10908968 0.00331890583 0.994026363";
      isRenderEnabled = "false";
      canSave = "1";
      canSaveDynamicFields = "1";
      persistentId = "72345cc4-5a0a-41fa-9c4a-f977782cdd77";
   };
   new TSStatic() {
      shapeName = "/art/shapes/race/s_concrete_race_barrier.dae";
      dynamic = "0";
      playAmbient = "1";
      meshCulling = "0";
      originSort = "0";
      useInstanceRenderData = "1";
      instanceColor = "White";
      instanceColor1 = "White";
      instanceColor2 = "White";
      collisionType = "Collision Mesh";
      decalType = "Collision Mesh";
      prebuildCollisionData = "0";
      renderNormals = "0";
      forceDetail = "-1";
      position = "-768.361145 -87.1803894 296.835358";
      scale = "1 1 1";
      rotationMatrix = "-0.239393473 -0.970880806 -0.0089960061 0.963092744 -0.238627076 0.124535792 -0.123056114 0.0211490765 0.992174327";
      isRenderEnabled = "false";
      canSave = "1";
      canSaveDynamicFields = "1";
      persistentId = "2ffea22e-d833-4617-b0d7-5942c5dcf2cb";
   };
   new TSStatic() {
      shapeName = "/art/shapes/race/s_concrete_race_barrier.dae";
      dynamic = "0";
      playAmbient = "1";
      meshCulling = "0";
      originSort = "0";
      useInstanceRenderData = "1";
      instanceColor = "White";
      instanceColor1 = "White";
      instanceColor2 = "White";
      collisionType = "Collision Mesh";
      decalType = "Collision Mesh";
      prebuildCollisionData = "0";
      renderNormals = "0";
      forceDetail = "-1";
      position = "-770.018799 -94.1205673 296.719788";
      scale = "1 1 1";
      rotationMatrix = "-0.244564295 -0.969601691 -0.00780134648 0.964742362 -0.244129896 0.0983505696 -0.0972654223 0.01652674 0.995121241";
      isRenderEnabled = "false";
      canSave = "1";
      canSaveDynamicFields = "1";
      persistentId = "f4e67b08-4a43-422e-bc18-72877f061be0";
   };
   new TSStatic() {
      shapeName = "/art/shapes/race/s_concrete_race_barrier.dae";
      dynamic = "0";
      playAmbient = "1";
      meshCulling = "0";
      originSort = "0";
      useInstanceRenderData = "1";
      instanceColor = "White";
      instanceColor1 = "White";
      instanceColor2 = "White";
      collisionType = "Collision Mesh";
      decalType = "Collision Mesh";
      prebuildCollisionData = "0";
      renderNormals = "0";
      forceDetail = "-1";
      position = "-769.188049 -90.6877441 296.776978";
      scale = "1 1 1";
      rotationMatrix = "-0.209131837 -0.977856338 -0.00777108595 0.972440779 -0.208798051 0.103739634 -0.103065059 0.0141383596 0.99457413";
      isRenderEnabled = "false";
      canSave = "1";
      canSaveDynamicFields = "1";
      persistentId = "65c8d7e6-ca7e-4745-ae2f-fd384ba32ffb";
   };
};
//--- OBJECT WRITE END ---

