//--- OBJECT WRITE BEGIN ---
$ThisPrefab = new SimGroup() {
   canSave = "1";
   canSaveDynamicFields = "1";
   persistentId = "cd938b66-5698-403f-bea2-d185d2706aab";
      groupPosition = "0 0 0";

   new TSStatic() {
      shapeName = "/art/shapes/objects/arrowboard_R.dae";
      dynamic = "0";
      playAmbient = "1";
      meshCulling = "0";
      originSort = "0";
      useInstanceRenderData = "1";
      instanceColor = "White";
      instanceColor1 = "White";
      instanceColor2 = "White";
      collisionType = "Collision Mesh";
      decalType = "Collision Mesh";
      prebuildCollisionData = "0";
      renderNormals = "0";
      forceDetail = "-1";
      position = "-341.806305 -422.121796 133.076538";
      scale = "1 1 1";
      rotationMatrix = "-0.110128284 -0.993917227 -2.32830644e-10 0.993896365 -0.110125899 0.00647742348 -0.00643802341 0.000713348389 0.999979019";
      isRenderEnabled = "false";
      canSave = "1";
      canSaveDynamicFields = "1";
      persistentId = "f06cfc02-6a7e-40ff-b175-3d995122ae34";
   };
   new TSStatic() {
      shapeName = "/art/shapes/objects/arrowboard_R.dae";
      dynamic = "0";
      playAmbient = "1";
      meshCulling = "0";
      originSort = "0";
      useInstanceRenderData = "1";
      instanceColor = "White";
      instanceColor1 = "White";
      instanceColor2 = "White";
      collisionType = "Collision Mesh";
      decalType = "Collision Mesh";
      prebuildCollisionData = "0";
      renderNormals = "0";
      forceDetail = "-1";
      position = "-337.640808 -416.739777 133.099518";
      scale = "1 1 1";
      rotationMatrix = "-0.110128284 -0.993917227 -2.32830644e-10 0.993896365 -0.110125899 0.00647742348 -0.00643802341 0.000713348389 0.999979019";
      isRenderEnabled = "false";
      canSave = "1";
      canSaveDynamicFields = "1";
      persistentId = "3a48f9ca-da9c-42fd-87f8-94ca8ed46a62";
   };
   new TSStatic() {
      shapeName = "/art/shapes/objects/arrowboard_R.dae";
      dynamic = "0";
      playAmbient = "1";
      meshCulling = "0";
      originSort = "0";
      useInstanceRenderData = "1";
      instanceColor = "White";
      instanceColor1 = "White";
      instanceColor2 = "White";
      collisionType = "Collision Mesh";
      decalType = "Collision Mesh";
      prebuildCollisionData = "0";
      renderNormals = "0";
      forceDetail = "-1";
      position = "-409.592621 -589.950745 129.261078";
      scale = "1 1 1";
      rotationMatrix = "0.971939981 -0.213792115 0.098110266 0.205971211 0.974943936 0.0840247199 -0.113615833 -0.0614590868 0.991622031";
      isRenderEnabled = "false";
      canSave = "1";
      canSaveDynamicFields = "1";
      persistentId = "e1c16c84-49aa-472d-99d9-323eb1bcb57a";
   };
   new TSStatic() {
      shapeName = "/art/shapes/objects/arrowboard_R.dae";
      dynamic = "0";
      playAmbient = "1";
      meshCulling = "0";
      originSort = "0";
      useInstanceRenderData = "1";
      instanceColor = "White";
      instanceColor1 = "White";
      instanceColor2 = "White";
      collisionType = "Collision Mesh";
      decalType = "Collision Mesh";
      prebuildCollisionData = "0";
      renderNormals = "0";
      forceDetail = "-1";
      position = "-405.936707 -601.925842 128.668869";
      scale = "1 1 1";
      rotationMatrix = "0.996746838 -0.00750741921 0.0802455619 -0.0034824491 0.990710557 0.135942698 -0.0805207118 -0.135779917 0.987461507";
      isRenderEnabled = "false";
      canSave = "1";
      canSaveDynamicFields = "1";
      persistentId = "d58425da-3852-4421-ae4a-0b946490e778";
   };
   new TSStatic() {
      shapeName = "/art/shapes/objects/arrowboard_R.dae";
      dynamic = "0";
      playAmbient = "1";
      meshCulling = "0";
      originSort = "0";
      useInstanceRenderData = "1";
      instanceColor = "White";
      instanceColor1 = "White";
      instanceColor2 = "White";
      collisionType = "Collision Mesh";
      decalType = "Collision Mesh";
      prebuildCollisionData = "0";
      renderNormals = "0";
      forceDetail = "-1";
      position = "111.231911 -748.161194 128.029007";
      scale = "1 1 1";
      rotationMatrix = "0.724311829 0.689471245 -0.0013198331 -0.675482154 0.709996939 0.19906795 0.13818872 -0.143295735 0.97998482";
      isRenderEnabled = "false";
      canSave = "1";
      canSaveDynamicFields = "1";
      persistentId = "511f5309-a078-4f31-a862-f8204b58b52c";
   };
   new TSStatic() {
      shapeName = "/art/shapes/objects/arrowboard_R.dae";
      dynamic = "0";
      playAmbient = "1";
      meshCulling = "0";
      originSort = "0";
      useInstanceRenderData = "1";
      instanceColor = "White";
      instanceColor1 = "White";
      instanceColor2 = "White";
      collisionType = "Collision Mesh";
      decalType = "Collision Mesh";
      prebuildCollisionData = "0";
      renderNormals = "0";
      forceDetail = "-1";
      position = "91.1933365 -758.668152 129.055954";
      scale = "1 1 1";
      rotationMatrix = "0.730307817 0.682901204 0.0172173083 -0.680214107 0.724650562 0.110409372 0.0629221648 -0.0923442766 0.993737042";
      isRenderEnabled = "false";
      canSave = "1";
      canSaveDynamicFields = "1";
      persistentId = "5123cd4c-90c9-40b2-ab7c-a75156d3f431";
   };
   new TSStatic() {
      shapeName = "/art/shapes/objects/arrowboard_R.dae";
      dynamic = "0";
      playAmbient = "1";
      meshCulling = "0";
      originSort = "0";
      useInstanceRenderData = "1";
      instanceColor = "White";
      instanceColor1 = "White";
      instanceColor2 = "White";
      collisionType = "Collision Mesh";
      decalType = "Collision Mesh";
      prebuildCollisionData = "0";
      renderNormals = "0";
      forceDetail = "-1";
      position = "524.64978 -583.879944 133.233612";
      scale = "1 1 1";
      rotationMatrix = "0.622186542 0.782858491 -0.00406023487 -0.776822567 0.618016124 0.120841749 0.0971112847 -0.0720320269 0.992663503";
      isRenderEnabled = "false";
      canSave = "1";
      canSaveDynamicFields = "1";
      persistentId = "05e5ddd4-6f58-4116-a8b2-94cd6a5f9a1c";
   };
   new TSStatic() {
      shapeName = "/art/shapes/objects/arrowboard_R.dae";
      dynamic = "0";
      playAmbient = "1";
      meshCulling = "0";
      originSort = "0";
      useInstanceRenderData = "1";
      instanceColor = "White";
      instanceColor1 = "White";
      instanceColor2 = "White";
      collisionType = "Collision Mesh";
      decalType = "Collision Mesh";
      prebuildCollisionData = "0";
      renderNormals = "0";
      forceDetail = "-1";
      position = "538.475769 -574.333984 133.510666";
      scale = "1 1 1";
      rotationMatrix = "0.623686433 0.780878782 0.0352642201 -0.77971971 0.618304551 0.0986743569 0.0552486964 -0.0890380591 0.994494736";
      isRenderEnabled = "false";
      canSave = "1";
      canSaveDynamicFields = "1";
      persistentId = "253e4315-38e2-4817-8b40-1cd6450715fb";
   };
   new TSStatic() {
      shapeName = "/art/shapes/objects/arrowboard_R.dae";
      dynamic = "0";
      playAmbient = "1";
      meshCulling = "0";
      originSort = "0";
      useInstanceRenderData = "1";
      instanceColor = "White";
      instanceColor1 = "White";
      instanceColor2 = "White";
      collisionType = "Collision Mesh";
      decalType = "Collision Mesh";
      prebuildCollisionData = "0";
      renderNormals = "0";
      forceDetail = "-1";
      position = "834.986084 -269.043396 143.638779";
      scale = "1 1 1";
      rotationMatrix = "-0.115151167 0.993260384 -0.0131790023 -0.993305683 -0.115258455 -0.00768701918 -0.00915420614 0.0122056082 0.999883592";
      isRenderEnabled = "false";
      canSave = "1";
      canSaveDynamicFields = "1";
      persistentId = "ed97bae8-e776-492b-ab8d-3ead1a2a709a";
   };
   new TSStatic() {
      shapeName = "/art/shapes/objects/arrowboard_R.dae";
      dynamic = "0";
      playAmbient = "1";
      meshCulling = "0";
      originSort = "0";
      useInstanceRenderData = "1";
      instanceColor = "White";
      instanceColor1 = "White";
      instanceColor2 = "White";
      collisionType = "Collision Mesh";
      decalType = "Collision Mesh";
      prebuildCollisionData = "0";
      renderNormals = "0";
      forceDetail = "-1";
      position = "846.295044 -256.87793 144.180725";
      scale = "1 1 1";
      rotationMatrix = "-0.115246415 0.993336856 -0.000703407452 -0.993318379 -0.115248561 -0.00606273394 -0.00610340293 2.32830644e-10 0.999981403";
      isRenderEnabled = "false";
      canSave = "1";
      canSaveDynamicFields = "1";
      persistentId = "334bdcf6-6ca5-47c0-8bbc-0084cb6f481f";
   };
   new TSStatic() {
      shapeName = "/art/shapes/objects/arrowboard_R.dae";
      dynamic = "0";
      playAmbient = "1";
      meshCulling = "0";
      originSort = "0";
      useInstanceRenderData = "1";
      instanceColor = "White";
      instanceColor1 = "White";
      instanceColor2 = "White";
      collisionType = "Collision Mesh";
      decalType = "Collision Mesh";
      prebuildCollisionData = "0";
      renderNormals = "0";
      forceDetail = "-1";
      position = "850.971497 -251.611282 144.170517";
      scale = "1 1 1";
      rotationMatrix = "-0.11524868 0.99333638 0 -0.99333638 -0.11524868 0 0 0 1";
      isRenderEnabled = "false";
      canSave = "1";
      canSaveDynamicFields = "1";
      persistentId = "3cd8d71d-698d-4c6e-a11b-d1dce1ef29d2";
   };
   new TSStatic() {
      shapeName = "/art/shapes/objects/arrowboard_R.dae";
      dynamic = "0";
      playAmbient = "1";
      meshCulling = "0";
      originSort = "0";
      useInstanceRenderData = "1";
      instanceColor = "White";
      instanceColor1 = "White";
      instanceColor2 = "White";
      collisionType = "Collision Mesh";
      decalType = "Collision Mesh";
      prebuildCollisionData = "0";
      renderNormals = "0";
      forceDetail = "-1";
      position = "350.543091 259.105682 160.570618";
      scale = "1 1 1";
      rotationMatrix = "-0.613208413 -0.789321005 -0.0307822656 0.789244473 -0.613830209 0.0174698681 -0.0326844268 -0.0135820629 0.999373436";
      isRenderEnabled = "false";
      canSave = "1";
      canSaveDynamicFields = "1";
      persistentId = "0efebf34-abf3-41b2-9fc4-4688f59428df";
   };
   new TSStatic() {
      shapeName = "/art/shapes/objects/arrowboard_R.dae";
      dynamic = "0";
      playAmbient = "1";
      meshCulling = "0";
      originSort = "0";
      useInstanceRenderData = "1";
      instanceColor = "White";
      instanceColor1 = "White";
      instanceColor2 = "White";
      collisionType = "Collision Mesh";
      decalType = "Collision Mesh";
      prebuildCollisionData = "0";
      renderNormals = "0";
      forceDetail = "-1";
      position = "-9.22456074 -160.652039 139.484528";
      scale = "1 1 1";
      rotationMatrix = "-0.744791031 -0.666982651 0.0204996336 0.667297482 -0.744423509 0.0233957972 -0.000344179571 0.0311043393 0.99951607";
      isRenderEnabled = "false";
      canSave = "1";
      canSaveDynamicFields = "1";
      persistentId = "ac8e5960-e9ed-48a8-a789-0e8b6fab4bf1";
   };
   new TSStatic() {
      shapeName = "/art/shapes/objects/arrowboard_R.dae";
      dynamic = "0";
      playAmbient = "1";
      meshCulling = "0";
      originSort = "0";
      useInstanceRenderData = "1";
      instanceColor = "White";
      instanceColor1 = "White";
      instanceColor2 = "White";
      collisionType = "Collision Mesh";
      decalType = "Collision Mesh";
      prebuildCollisionData = "0";
      renderNormals = "0";
      forceDetail = "-1";
      position = "11.8878956 -152.005875 139.68576";
      scale = "1 1 1";
      rotationMatrix = "-0.745464563 -0.666193187 -0.0216514561 0.666186273 -0.745735765 0.00858268142 -0.0218639951 -0.00802581757 0.999728739";
      isRenderEnabled = "false";
      canSave = "1";
      canSaveDynamicFields = "1";
      persistentId = "2230a5ed-5453-4948-8cc7-c24fdf61d651";
   };
};
//--- OBJECT WRITE END ---
