//--- OBJECT WRITE BEGIN ---
$ThisPrefab = new SimGroup() {
   canSave = "1";
   canSaveDynamicFields = "1";
   persistentId = "44eec4f6-27f8-4ed9-8fea-a830b75afd64";
      groupPosition = "0 0 0";

   new TSStatic() {
      shapeName = "/art/shapes/race/s_concrete_race_barrier.dae";
      dynamic = "0";
      playAmbient = "1";
      meshCulling = "0";
      originSort = "0";
      useInstanceRenderData = "1";
      instanceColor = "White";
      instanceColor1 = "White";
      instanceColor2 = "White";
      collisionType = "Collision Mesh";
      decalType = "Collision Mesh";
      prebuildCollisionData = "0";
      renderNormals = "0";
      forceDetail = "-1";
      position = "-332.978119 -410.331543 133.18959";
      scale = "1 1 1";
      rotationMatrix = "0.307990849 0.951389372 7.4500218e-05 -0.951137006 0.307907343 0.023053173 0.0219096038 -0.0071710255 0.999734223";
      isRenderEnabled = "false";
      canSave = "1";
      canSaveDynamicFields = "1";
      persistentId = "f82febec-7de2-4aab-99ea-b720c1f31103";
   };
   new TSStatic() {
      shapeName = "/art/shapes/race/s_concrete_race_barrier.dae";
      dynamic = "0";
      playAmbient = "1";
      meshCulling = "0";
      originSort = "0";
      useInstanceRenderData = "1";
      instanceColor = "White";
      instanceColor1 = "White";
      instanceColor2 = "White";
      collisionType = "Collision Mesh";
      decalType = "Collision Mesh";
      prebuildCollisionData = "0";
      renderNormals = "0";
      forceDetail = "-1";
      position = "-334.268372 -414.31366 133.158569";
      scale = "1 1 1";
      rotationMatrix = "0.308037817 0.951362729 0.00464051636 -0.951172709 0.307868659 0.022071721 0.019569546 -0.0112128574 0.999745607";
      isRenderEnabled = "false";
      canSave = "1";
      canSaveDynamicFields = "1";
      persistentId = "ce8474ce-98f0-485f-a573-9cb0fc95dc2d";
   };
   new TSStatic() {
      shapeName = "/art/shapes/race/s_concrete_race_barrier.dae";
      dynamic = "0";
      playAmbient = "1";
      meshCulling = "0";
      originSort = "0";
      useInstanceRenderData = "1";
      instanceColor = "White";
      instanceColor1 = "White";
      instanceColor2 = "White";
      collisionType = "Collision Mesh";
      decalType = "Collision Mesh";
      prebuildCollisionData = "0";
      renderNormals = "0";
      forceDetail = "-1";
      position = "-335.516052 -418.164429 133.126678";
      scale = "1 1 1";
      rotationMatrix = "0.308202147 0.951222301 0.0136845158 -0.951172709 0.30786854 0.022071721 0.0167820863 -0.019818889 0.999662757";
      isRenderEnabled = "false";
      canSave = "1";
      canSaveDynamicFields = "1";
      persistentId = "43269aba-0d29-4e17-8309-87fd1b929131";
   };
   new TSStatic() {
      shapeName = "/art/shapes/race/s_concrete_race_barrier.dae";
      dynamic = "0";
      playAmbient = "1";
      meshCulling = "0";
      originSort = "0";
      useInstanceRenderData = "1";
      instanceColor = "White";
      instanceColor1 = "White";
      instanceColor2 = "White";
      collisionType = "Collision Mesh";
      decalType = "Collision Mesh";
      prebuildCollisionData = "0";
      renderNormals = "0";
      forceDetail = "-1";
      position = "-336.646484 -421.642853 133.092056";
      scale = "1 1 1";
      rotationMatrix = "0.307646513 0.95114398 0.0260512978 -0.951092005 0.306596756 0.0377135277 0.0278837532 -0.0363796204 0.998948932";
      isRenderEnabled = "false";
      canSave = "1";
      canSaveDynamicFields = "1";
      persistentId = "87238479-cfbe-4639-adf6-9dd3a0e3d522";
   };
   new TSStatic() {
      shapeName = "/art/shapes/race/s_concrete_race_barrier.dae";
      dynamic = "0";
      playAmbient = "1";
      meshCulling = "0";
      originSort = "0";
      useInstanceRenderData = "1";
      instanceColor = "White";
      instanceColor1 = "White";
      instanceColor2 = "White";
      collisionType = "Collision Mesh";
      decalType = "Collision Mesh";
      prebuildCollisionData = "0";
      renderNormals = "0";
      forceDetail = "-1";
      position = "-366.020172 -614.542053 127.355721";
      scale = "1 1 1";
      rotationMatrix = "0.999993384 0.00358169619 -0.000660309859 -0.00348133733 0.99328804 0.115614809 0.00106997509 -0.115611739 0.993293881";
      isRenderEnabled = "false";
      canSave = "1";
      canSaveDynamicFields = "1";
      persistentId = "5eea87d8-0f94-452a-a794-48e7199526ad";
   };
   new TSStatic() {
      shapeName = "/art/shapes/race/s_concrete_race_barrier.dae";
      dynamic = "0";
      playAmbient = "1";
      meshCulling = "0";
      originSort = "0";
      useInstanceRenderData = "1";
      instanceColor = "White";
      instanceColor1 = "White";
      instanceColor2 = "White";
      collisionType = "Collision Mesh";
      decalType = "Collision Mesh";
      prebuildCollisionData = "0";
      renderNormals = "0";
      forceDetail = "-1";
      position = "-370.457275 -614.566772 127.403473";
      scale = "1 1 1";
      rotationMatrix = "0.999906898 0.00500590727 -0.0126931714 -0.00334416819 0.99180603 0.127708957 0.0132284639 -0.127654627 0.991730452";
      isRenderEnabled = "false";
      canSave = "1";
      canSaveDynamicFields = "1";
      persistentId = "a33af8ad-5df1-464b-a607-36fa73f88558";
   };
   new TSStatic() {
      shapeName = "/art/shapes/race/s_concrete_race_barrier.dae";
      dynamic = "0";
      playAmbient = "1";
      meshCulling = "0";
      originSort = "0";
      useInstanceRenderData = "1";
      instanceColor = "White";
      instanceColor1 = "White";
      instanceColor2 = "White";
      collisionType = "Collision Mesh";
      decalType = "Collision Mesh";
      prebuildCollisionData = "0";
      renderNormals = "0";
      forceDetail = "-1";
      position = "-374.837616 -614.594482 127.482796";
      scale = "1 1 1";
      rotationMatrix = "0.999893188 0.00571669452 0.0134520605 -0.00767126866 0.988646686 0.150063097 -0.0124414694 -0.150150269 0.988584876";
      isRenderEnabled = "false";
      canSave = "1";
      canSaveDynamicFields = "1";
      persistentId = "113738bb-f25c-4849-83dd-cbcf6e03e43f";
   };
   new TSStatic() {
      shapeName = "/art/shapes/race/s_concrete_race_barrier.dae";
      dynamic = "0";
      playAmbient = "1";
      meshCulling = "0";
      originSort = "0";
      useInstanceRenderData = "1";
      instanceColor = "White";
      instanceColor1 = "White";
      instanceColor2 = "White";
      collisionType = "Collision Mesh";
      decalType = "Collision Mesh";
      prebuildCollisionData = "0";
      renderNormals = "0";
      forceDetail = "-1";
      position = "-350.420776 -597.95459 127.608719";
      scale = "1 1 1";
      rotationMatrix = "0.998748302 0.00602815393 -0.049654264 -0.00358801545 0.998788118 0.049085889 0.0498899855 -0.0488462858 0.997559547";
      isRenderEnabled = "false";
      canSave = "1";
      canSaveDynamicFields = "1";
      persistentId = "1c8d424a-4fcc-4526-99d2-ce418320999d";
   };
   new TSStatic() {
      shapeName = "/art/shapes/race/s_concrete_race_barrier.dae";
      dynamic = "0";
      playAmbient = "1";
      meshCulling = "0";
      originSort = "0";
      useInstanceRenderData = "1";
      instanceColor = "White";
      instanceColor1 = "White";
      instanceColor2 = "White";
      collisionType = "Collision Mesh";
      decalType = "Collision Mesh";
      prebuildCollisionData = "0";
      renderNormals = "0";
      forceDetail = "-1";
      position = "-354.85788 -597.979309 127.804382";
      scale = "1 1 1";
      rotationMatrix = "0.999898136 0.00572121888 -0.0130767981 -0.00497320015 0.998388231 0.0565355271 0.0133791724 -0.0564647317 0.998314917";
      isRenderEnabled = "false";
      canSave = "1";
      canSaveDynamicFields = "1";
      persistentId = "dff64b28-cb39-48d8-abf4-0ac3e5bb7a53";
   };
   new TSStatic() {
      shapeName = "/art/shapes/race/s_concrete_race_barrier.dae";
      dynamic = "0";
      playAmbient = "1";
      meshCulling = "0";
      originSort = "0";
      useInstanceRenderData = "1";
      instanceColor = "White";
      instanceColor1 = "White";
      instanceColor2 = "White";
      collisionType = "Collision Mesh";
      decalType = "Collision Mesh";
      prebuildCollisionData = "0";
      renderNormals = "0";
      forceDetail = "-1";
      position = "-359.23822 -598.007019 127.761139";
      scale = "1 1 1";
      rotationMatrix = "0.999454379 0.00644787727 0.0323934853 -0.00674310094 0.99993664 0.00901270751 -0.0323333219 -0.00922622252 0.999434531";
      isRenderEnabled = "false";
      canSave = "1";
      canSaveDynamicFields = "1";
      persistentId = "8cec2c93-5a67-4172-9ab3-924434372af6";
   };
   new TSStatic() {
      shapeName = "/art/shapes/race/s_concrete_race_barrier.dae";
      dynamic = "0";
      playAmbient = "1";
      meshCulling = "0";
      originSort = "0";
      useInstanceRenderData = "1";
      instanceColor = "White";
      instanceColor1 = "White";
      instanceColor2 = "White";
      collisionType = "Collision Mesh";
      decalType = "Collision Mesh";
      prebuildCollisionData = "0";
      renderNormals = "0";
      forceDetail = "-1";
      position = "417.399139 -593.187622 126.631767";
      scale = "1 1 1";
      rotationMatrix = "0.996909022 -0.0657689646 0.0429743081 0.0617949441 0.994198322 0.0880398825 -0.0485152751 -0.0851121619 0.995189548";
      isRenderEnabled = "false";
      canSave = "1";
      canSaveDynamicFields = "1";
      persistentId = "825e5b87-39d5-4225-8a87-09b34db4a26a";
   };
   new TSStatic() {
      shapeName = "/art/shapes/race/s_concrete_race_barrier.dae";
      dynamic = "0";
      playAmbient = "1";
      meshCulling = "0";
      originSort = "0";
      useInstanceRenderData = "1";
      instanceColor = "White";
      instanceColor1 = "White";
      instanceColor2 = "White";
      collisionType = "Collision Mesh";
      decalType = "Collision Mesh";
      prebuildCollisionData = "0";
      renderNormals = "0";
      forceDetail = "-1";
      position = "421.177979 -593.443054 126.798935";
      scale = "1 1 1";
      rotationMatrix = "0.994704008 -0.0737435967 0.0715946555 0.0565242581 0.974268317 0.218188643 -0.0858424157 -0.21298629 0.973276913";
      isRenderEnabled = "false";
      canSave = "1";
      canSaveDynamicFields = "1";
      persistentId = "a9ebb951-0b02-4b3a-8eb0-9100fd210320";
   };
   new TSStatic() {
      shapeName = "/art/shapes/race/s_concrete_race_barrier.dae";
      dynamic = "0";
      playAmbient = "1";
      meshCulling = "0";
      originSort = "0";
      useInstanceRenderData = "1";
      instanceColor = "White";
      instanceColor1 = "White";
      instanceColor2 = "White";
      collisionType = "Collision Mesh";
      decalType = "Collision Mesh";
      prebuildCollisionData = "0";
      renderNormals = "0";
      forceDetail = "-1";
      position = "408.93277 -592.615601 126.388229";
      scale = "1 1 1";
      rotationMatrix = "0.994683444 -0.0672068596 0.0780261979 0.0633113682 0.996670783 0.0513716638 -0.0812189654 -0.0461585969 0.995626867";
      isRenderEnabled = "false";
      canSave = "1";
      canSaveDynamicFields = "1";
      persistentId = "b85f52f1-e89d-48e3-aafe-31f11ff6cff8";
   };
   new TSStatic() {
      shapeName = "/art/shapes/race/s_concrete_race_barrier.dae";
      dynamic = "0";
      playAmbient = "1";
      meshCulling = "0";
      originSort = "0";
      useInstanceRenderData = "1";
      instanceColor = "White";
      instanceColor1 = "White";
      instanceColor2 = "White";
      collisionType = "Collision Mesh";
      decalType = "Collision Mesh";
      prebuildCollisionData = "0";
      renderNormals = "0";
      forceDetail = "-1";
      position = "412.711609 -592.871033 126.584007";
      scale = "1 1 1";
      rotationMatrix = "0.997348726 -0.066879116 0.0286835488 0.0657340512 0.997068405 0.0391613394 -0.0312185381 -0.0371720269 0.998821139";
      isRenderEnabled = "false";
      canSave = "1";
      canSaveDynamicFields = "1";
      persistentId = "56a0892b-cf39-4e30-871e-07adc011cf7f";
   };
   new TSStatic() {
      shapeName = "/art/shapes/race/s_concrete_race_barrier.dae";
      dynamic = "0";
      playAmbient = "1";
      meshCulling = "0";
      originSort = "0";
      useInstanceRenderData = "1";
      instanceColor = "White";
      instanceColor1 = "White";
      instanceColor2 = "White";
      collisionType = "Collision Mesh";
      decalType = "Collision Mesh";
      prebuildCollisionData = "0";
      renderNormals = "0";
      forceDetail = "-1";
      position = "414.037476 -579.786621 127.372192";
      scale = "1 1 1";
      rotationMatrix = "0.997539282 -0.0587123521 -0.0383176953 0.0672151297 0.956306338 0.284535289 0.0199377164 -0.28641063 0.957899451";
      isRenderEnabled = "false";
      canSave = "1";
      canSaveDynamicFields = "1";
      persistentId = "3bbbb0c7-6353-4824-8a7c-a8bd98675558";
   };
   new TSStatic() {
      shapeName = "/art/shapes/race/s_concrete_race_barrier.dae";
      dynamic = "0";
      playAmbient = "1";
      meshCulling = "0";
      originSort = "0";
      useInstanceRenderData = "1";
      instanceColor = "White";
      instanceColor1 = "White";
      instanceColor2 = "White";
      collisionType = "Collision Mesh";
      decalType = "Collision Mesh";
      prebuildCollisionData = "0";
      renderNormals = "0";
      forceDetail = "-1";
      position = "410.258636 -579.531189 127.239868";
      scale = "1 1 1";
      rotationMatrix = "0.995319068 -0.0680956692 0.0685783103 0.0458595864 0.957406104 0.285079658 -0.0850699916 -0.28060025 0.956047356";
      isRenderEnabled = "false";
      canSave = "1";
      canSaveDynamicFields = "1";
      persistentId = "7603700a-20c0-4e24-8520-36ded6fad63f";
   };
   new TSStatic() {
      shapeName = "/art/shapes/race/s_concrete_race_barrier.dae";
      dynamic = "0";
      playAmbient = "1";
      meshCulling = "0";
      originSort = "0";
      useInstanceRenderData = "1";
      instanceColor = "White";
      instanceColor1 = "White";
      instanceColor2 = "White";
      collisionType = "Collision Mesh";
      decalType = "Collision Mesh";
      prebuildCollisionData = "0";
      renderNormals = "0";
      forceDetail = "-1";
      position = "563.422241 -552.146545 134.987396";
      scale = "1 1 1";
      rotationMatrix = "0.675076306 0.737644553 -0.012344379 -0.737413526 0.674172282 -0.0413867608 -0.022206489 0.0370421335 0.999066949";
      isRenderEnabled = "false";
      canSave = "1";
      canSaveDynamicFields = "1";
      persistentId = "e6c3ad89-f625-45b3-a192-9aecc5dcc209";
   };
   new TSStatic() {
      shapeName = "/art/shapes/race/s_concrete_race_barrier.dae";
      dynamic = "0";
      playAmbient = "1";
      meshCulling = "0";
      originSort = "0";
      useInstanceRenderData = "1";
      instanceColor = "White";
      instanceColor1 = "White";
      instanceColor2 = "White";
      collisionType = "Collision Mesh";
      decalType = "Collision Mesh";
      prebuildCollisionData = "0";
      renderNormals = "0";
      forceDetail = "-1";
      position = "566.171265 -549.135864 134.998215";
      scale = "1 1 1";
      rotationMatrix = "0.674253464 0.738430619 0.0101209478 -0.738165259 0.674297154 -0.0208635591 -0.0222308189 0.00659639249 0.999731123";
      isRenderEnabled = "false";
      canSave = "1";
      canSaveDynamicFields = "1";
      persistentId = "5bd1abcf-0b5e-45a1-af8c-0e309de185ef";
   };
   new TSStatic() {
      shapeName = "/art/shapes/race/s_concrete_race_barrier.dae";
      dynamic = "0";
      playAmbient = "1";
      meshCulling = "0";
      originSort = "0";
      useInstanceRenderData = "1";
      instanceColor = "White";
      instanceColor1 = "White";
      instanceColor2 = "White";
      collisionType = "Collision Mesh";
      decalType = "Collision Mesh";
      prebuildCollisionData = "0";
      renderNormals = "0";
      forceDetail = "-1";
      position = "646.532898 -434.900848 143.097198";
      scale = "1 1 1";
      rotationMatrix = "0.750070333 0.661105633 0.0182721615 -0.661259294 0.750149488 0.00344469212 -0.0114295483 -0.0146663971 0.999827087";
      isRenderEnabled = "false";
      canSave = "1";
      canSaveDynamicFields = "1";
      persistentId = "058b6751-9585-49ab-ac2c-505fe446e52d";
   };
   new TSStatic() {
      shapeName = "/art/shapes/race/s_concrete_race_barrier.dae";
      dynamic = "0";
      playAmbient = "1";
      meshCulling = "0";
      originSort = "0";
      useInstanceRenderData = "1";
      instanceColor = "White";
      instanceColor1 = "White";
      instanceColor2 = "White";
      collisionType = "Collision Mesh";
      decalType = "Collision Mesh";
      prebuildCollisionData = "0";
      renderNormals = "0";
      forceDetail = "-1";
      position = "649.344543 -432.419739 143.115829";
      scale = "1 1 1";
      rotationMatrix = "0.750029683 0.661393106 -0.00381192286 -0.661381543 0.74994421 -0.0125697935 -0.00545484666 0.0119488547 0.999913752";
      isRenderEnabled = "false";
      canSave = "1";
      canSaveDynamicFields = "1";
      persistentId = "b8110bd1-3bef-4da3-aa04-6813171c94d4";
   };
   new TSStatic() {
      shapeName = "/art/shapes/race/s_concrete_race_barrier.dae";
      dynamic = "0";
      playAmbient = "1";
      meshCulling = "0";
      originSort = "0";
      useInstanceRenderData = "1";
      instanceColor = "White";
      instanceColor1 = "White";
      instanceColor2 = "White";
      collisionType = "Collision Mesh";
      decalType = "Collision Mesh";
      prebuildCollisionData = "0";
      renderNormals = "0";
      forceDetail = "-1";
      position = "652.265869 -429.838867 143.078018";
      scale = "1 1 1";
      rotationMatrix = "0.749844193 0.661512375 -0.0116263833 -0.661402702 0.749043822 -0.0384688638 -0.0167389587 0.0365353711 0.999192178";
      isRenderEnabled = "false";
      canSave = "1";
      canSaveDynamicFields = "1";
      persistentId = "3ddf8ccf-c5b2-40eb-93b0-9982ca572ec0";
   };
   new TSStatic() {
      shapeName = "/art/shapes/race/s_concrete_race_barrier.dae";
      dynamic = "0";
      playAmbient = "1";
      meshCulling = "0";
      originSort = "0";
      useInstanceRenderData = "1";
      instanceColor = "White";
      instanceColor1 = "White";
      instanceColor2 = "White";
      collisionType = "Collision Mesh";
      decalType = "Collision Mesh";
      prebuildCollisionData = "0";
      renderNormals = "0";
      forceDetail = "-1";
      position = "826.32019 -246.843567 144.053894";
      scale = "1 1 1";
      rotationMatrix = "0.759637475 0.650031567 -0.0202414822 -0.647768855 0.759028316 0.065356262 0.0578474998 -0.0365352631 0.997656703";
      isRenderEnabled = "false";
      canSave = "1";
      canSaveDynamicFields = "1";
      persistentId = "844b4aa8-feb9-43f6-bc11-1e9fc6a386a8";
   };
   new TSStatic() {
      shapeName = "/art/shapes/race/s_concrete_race_barrier.dae";
      dynamic = "0";
      playAmbient = "1";
      meshCulling = "0";
      originSort = "0";
      useInstanceRenderData = "1";
      instanceColor = "White";
      instanceColor1 = "White";
      instanceColor2 = "White";
      collisionType = "Collision Mesh";
      decalType = "Collision Mesh";
      prebuildCollisionData = "0";
      renderNormals = "0";
      forceDetail = "-1";
      position = "829.646545 -244.006378 144.049927";
      scale = "1 1 1";
      rotationMatrix = "0.760736585 0.649060607 0.000383077189 -0.648271203 0.759782016 0.0497562252 0.0320037529 -0.0380997173 0.998761296";
      isRenderEnabled = "false";
      canSave = "1";
      canSaveDynamicFields = "1";
      persistentId = "2a59554f-f9c8-4fc9-bf1a-6149f0988df8";
   };
   new TSStatic() {
      shapeName = "/art/shapes/race/s_concrete_race_barrier.dae";
      dynamic = "0";
      playAmbient = "1";
      meshCulling = "0";
      originSort = "0";
      useInstanceRenderData = "1";
      instanceColor = "White";
      instanceColor1 = "White";
      instanceColor2 = "White";
      collisionType = "Collision Mesh";
      decalType = "Collision Mesh";
      prebuildCollisionData = "0";
      renderNormals = "0";
      forceDetail = "-1";
      position = "833.041077 -241.112793 144.113754";
      scale = "1 1 1";
      rotationMatrix = "0.761192203 0.648336291 0.0156966988 -0.647946715 0.759266138 0.0606626607 0.0274118353 -0.0563465692 0.998034894";
      isRenderEnabled = "false";
      canSave = "1";
      canSaveDynamicFields = "1";
      persistentId = "d60b1cde-664f-4e3a-afc6-5bb75cf378d8";
   };
   new TSStatic() {
      shapeName = "/art/shapes/race/s_concrete_race_barrier.dae";
      dynamic = "0";
      playAmbient = "1";
      meshCulling = "0";
      originSort = "0";
      useInstanceRenderData = "1";
      instanceColor = "White";
      instanceColor1 = "White";
      instanceColor2 = "White";
      collisionType = "Collision Mesh";
      decalType = "Collision Mesh";
      prebuildCollisionData = "0";
      renderNormals = "0";
      forceDetail = "-1";
      position = "836.159851 -238.462173 144.147827";
      scale = "1 1 1";
      rotationMatrix = "0.761307538 0.648119926 0.0187427923 -0.648326397 0.760505855 0.036107026 0.00914768316 -0.039640002 0.999172151";
      isRenderEnabled = "false";
      canSave = "1";
      canSaveDynamicFields = "1";
      persistentId = "fc8e9680-0ae1-43bc-9e16-5720daceb702";
   };
   new TSStatic() {
      shapeName = "/art/shapes/race/s_concrete_race_barrier.dae";
      dynamic = "0";
      playAmbient = "1";
      meshCulling = "0";
      originSort = "0";
      useInstanceRenderData = "1";
      instanceColor = "White";
      instanceColor1 = "White";
      instanceColor2 = "White";
      collisionType = "Collision Mesh";
      decalType = "Collision Mesh";
      prebuildCollisionData = "0";
      renderNormals = "0";
      forceDetail = "-1";
      position = "832.597046 -265.89621 143.60202";
      scale = "1 1 1";
      rotationMatrix = "0.761486173 0.64711386 0.0371819511 -0.646343768 0.762393355 -0.0315597616 -0.0487700328 0 0.998810053";
      isRenderEnabled = "false";
      canSave = "1";
      canSaveDynamicFields = "1";
      persistentId = "1ffad1af-aedf-4f5d-83f1-db118315a885";
   };
   new TSStatic() {
      shapeName = "/art/shapes/race/s_concrete_race_barrier.dae";
      dynamic = "0";
      playAmbient = "1";
      meshCulling = "0";
      originSort = "0";
      useInstanceRenderData = "1";
      instanceColor = "White";
      instanceColor1 = "White";
      instanceColor2 = "White";
      collisionType = "Collision Mesh";
      decalType = "Collision Mesh";
      prebuildCollisionData = "0";
      renderNormals = "0";
      forceDetail = "-1";
      position = "835.759888 -263.20874 143.566833";
      scale = "1 1 1";
      rotationMatrix = "0.761645794 0.647167146 -0.0327156931 -0.646483839 0.762346566 0.0297704749 0.0442071706 -0.00152438506 0.999021232";
      isRenderEnabled = "false";
      canSave = "1";
      canSaveDynamicFields = "1";
      persistentId = "340ffddb-26fe-4745-8571-a898b99d62da";
   };
   new TSStatic() {
      shapeName = "/art/shapes/race/s_concrete_race_barrier.dae";
      dynamic = "0";
      playAmbient = "1";
      meshCulling = "0";
      originSort = "0";
      useInstanceRenderData = "1";
      instanceColor = "White";
      instanceColor1 = "White";
      instanceColor2 = "White";
      collisionType = "Collision Mesh";
      decalType = "Collision Mesh";
      prebuildCollisionData = "0";
      renderNormals = "0";
      forceDetail = "-1";
      position = "844.584961 -252.184692 144.166306";
      scale = "1 1 1";
      rotationMatrix = "0.762154162 0.647128105 0.0186072793 -0.646935344 0.762381256 -0.01579432 -0.0244067889 0 0.999702096";
      isRenderEnabled = "false";
      canSave = "1";
      canSaveDynamicFields = "1";
      persistentId = "ff4c241b-6922-49d2-8cd2-aa040cd1ca9e";
   };
   new TSStatic() {
      shapeName = "/art/shapes/race/s_concrete_race_barrier.dae";
      dynamic = "0";
      playAmbient = "1";
      meshCulling = "0";
      originSort = "0";
      useInstanceRenderData = "1";
      instanceColor = "White";
      instanceColor1 = "White";
      instanceColor2 = "White";
      collisionType = "Collision Mesh";
      decalType = "Collision Mesh";
      prebuildCollisionData = "0";
      renderNormals = "0";
      forceDetail = "-1";
      position = "847.752136 -249.496384 144.167572";
      scale = "1 1 1";
      rotationMatrix = "0.762381256 0.647128105 0 -0.647128105 0.762381256 0 0 0 1";
      isRenderEnabled = "false";
      canSave = "1";
      canSaveDynamicFields = "1";
      persistentId = "8d685439-ce36-446b-bfa8-1d3fed572737";
   };
   new TSStatic() {
      shapeName = "/art/shapes/race/s_concrete_race_barrier.dae";
      dynamic = "0";
      playAmbient = "1";
      meshCulling = "0";
      originSort = "0";
      useInstanceRenderData = "1";
      instanceColor = "White";
      instanceColor1 = "White";
      instanceColor2 = "White";
      collisionType = "Collision Mesh";
      decalType = "Collision Mesh";
      prebuildCollisionData = "0";
      renderNormals = "0";
      forceDetail = "-1";
      position = "850.712402 -246.983582 144.16452";
      scale = "1 1 1";
      rotationMatrix = "0.762381196 0.647128105 0 -0.647128105 0.762381196 0 0 0 1";
      isRenderEnabled = "false";
      canSave = "1";
      canSaveDynamicFields = "1";
      persistentId = "bdb51cbf-b2f1-4acf-9ef7-0d396090edf3";
   };
   new TSStatic() {
      shapeName = "/art/shapes/race/s_concrete_race_barrier.dae";
      dynamic = "0";
      playAmbient = "1";
      meshCulling = "0";
      originSort = "0";
      useInstanceRenderData = "1";
      instanceColor = "White";
      instanceColor1 = "White";
      instanceColor2 = "White";
      collisionType = "Collision Mesh";
      decalType = "Collision Mesh";
      prebuildCollisionData = "0";
      renderNormals = "0";
      forceDetail = "-1";
      position = "831.035156 -164.67099 144.324631";
      scale = "1 1 1";
      rotationMatrix = "0.212727368 -0.97696501 -0.0169231258 0.976325333 0.211829662 0.0437832698 -0.0391899049 -0.0258363727 0.998897731";
      isRenderEnabled = "false";
      canSave = "1";
      canSaveDynamicFields = "1";
      persistentId = "79f3ffac-5202-49f6-bdb3-71e6ddc46e4b";
   };
   new TSStatic() {
      shapeName = "/art/shapes/race/s_concrete_race_barrier.dae";
      dynamic = "0";
      playAmbient = "1";
      meshCulling = "0";
      originSort = "0";
      useInstanceRenderData = "1";
      instanceColor = "White";
      instanceColor1 = "White";
      instanceColor2 = "White";
      collisionType = "Collision Mesh";
      decalType = "Collision Mesh";
      prebuildCollisionData = "0";
      renderNormals = "0";
      forceDetail = "-1";
      position = "830.189087 -160.791595 144.31813";
      scale = "1 1 1";
      rotationMatrix = "0.212194562 -0.977189779 -0.00856759958 0.975549221 0.21130842 0.0604345277 -0.0572456047 -0.0211819857 0.998135388";
      isRenderEnabled = "false";
      canSave = "1";
      canSaveDynamicFields = "1";
      persistentId = "0a8029ac-24ef-48d3-8bf2-065457b62861";
   };
   new TSStatic() {
      shapeName = "/art/shapes/race/s_concrete_race_barrier.dae";
      dynamic = "0";
      playAmbient = "1";
      meshCulling = "0";
      originSort = "0";
      useInstanceRenderData = "1";
      instanceColor = "White";
      instanceColor1 = "White";
      instanceColor2 = "White";
      collisionType = "Collision Mesh";
      decalType = "Collision Mesh";
      prebuildCollisionData = "0";
      renderNormals = "0";
      forceDetail = "-1";
      position = "829.331726 -156.878815 144.34082";
      scale = "1 1 1";
      rotationMatrix = "0.212388217 -0.977119744 -0.0113279261 0.975817859 0.21146363 0.0553419814 -0.0516802929 -0.02280798 0.998403192";
      isRenderEnabled = "false";
      canSave = "1";
      canSaveDynamicFields = "1";
      persistentId = "adc4fe2e-686c-434b-9a7a-20c7f3e4b8a3";
   };
   new TSStatic() {
      shapeName = "/art/shapes/race/s_concrete_race_barrier.dae";
      dynamic = "0";
      playAmbient = "1";
      meshCulling = "0";
      originSort = "0";
      useInstanceRenderData = "1";
      instanceColor = "White";
      instanceColor1 = "White";
      instanceColor2 = "White";
      collisionType = "Collision Mesh";
      decalType = "Collision Mesh";
      prebuildCollisionData = "0";
      renderNormals = "0";
      forceDetail = "-1";
      position = "828.515442 -153.118484 144.375275";
      scale = "1 1 1";
      rotationMatrix = "0.210854948 -0.977416277 0.0140422452 0.976396084 0.211279213 0.0448490642 -0.0468030497 0.00425415486 0.998895049";
      isRenderEnabled = "false";
      canSave = "1";
      canSaveDynamicFields = "1";
      persistentId = "3c20755e-1ccf-47f9-a562-c9699856bb25";
   };
   new TSStatic() {
      shapeName = "/art/shapes/race/s_concrete_race_barrier.dae";
      dynamic = "0";
      playAmbient = "1";
      meshCulling = "0";
      originSort = "0";
      useInstanceRenderData = "1";
      instanceColor = "White";
      instanceColor1 = "White";
      instanceColor2 = "White";
      collisionType = "Collision Mesh";
      decalType = "Collision Mesh";
      prebuildCollisionData = "0";
      renderNormals = "0";
      forceDetail = "-1";
      position = "827.643372 -149.083557 144.389389";
      scale = "1 1 1";
      rotationMatrix = "0.211265624 -0.977368176 0.0108732991 0.976428092 0.211539507 0.0428848006 -0.0442143716 0.0015569143 0.999020875";
      isRenderEnabled = "false";
      canSave = "1";
      canSaveDynamicFields = "1";
      persistentId = "539d63cb-0ffe-4d9d-9ede-33dc85e5e1f2";
   };
   new TSStatic() {
      shapeName = "/art/shapes/race/s_concrete_race_barrier.dae";
      dynamic = "0";
      playAmbient = "1";
      meshCulling = "0";
      originSort = "0";
      useInstanceRenderData = "1";
      instanceColor = "White";
      instanceColor1 = "White";
      instanceColor2 = "White";
      collisionType = "Collision Mesh";
      decalType = "Collision Mesh";
      prebuildCollisionData = "0";
      renderNormals = "0";
      forceDetail = "-1";
      position = "826.769958 -145.058136 144.40567";
      scale = "1 1 1";
      rotationMatrix = "0.212019145 -0.977246463 -0.0060916096 0.976019323 0.211430013 0.0518024042 -0.0493357703 -0.0169286281 0.998638749";
      isRenderEnabled = "false";
      canSave = "1";
      canSaveDynamicFields = "1";
      persistentId = "8e8333ab-c4e1-435a-8129-2f1a2abaee1c";
   };
   new TSStatic() {
      shapeName = "/art/shapes/race/s_concrete_race_barrier.dae";
      dynamic = "0";
      playAmbient = "1";
      meshCulling = "0";
      originSort = "0";
      useInstanceRenderData = "1";
      instanceColor = "White";
      instanceColor1 = "White";
      instanceColor2 = "White";
      collisionType = "Collision Mesh";
      decalType = "Collision Mesh";
      prebuildCollisionData = "0";
      renderNormals = "0";
      forceDetail = "-1";
      position = "825.983948 -141.434067 144.432953";
      scale = "1 1 1";
      rotationMatrix = "0.211956918 -0.977270067 -0.00415693596 0.975529492 0.211321175 0.0607076883 -0.0584493689 -0.0169226211 0.998146951";
      isRenderEnabled = "false";
      canSave = "1";
      canSaveDynamicFields = "1";
      persistentId = "2cd4263d-d620-458e-90e0-ca3340edcd7c";
   };
   new TSStatic() {
      shapeName = "/art/shapes/race/s_concrete_race_barrier.dae";
      dynamic = "0";
      playAmbient = "1";
      meshCulling = "0";
      originSort = "0";
      useInstanceRenderData = "1";
      instanceColor = "White";
      instanceColor1 = "White";
      instanceColor2 = "White";
      collisionType = "Collision Mesh";
      decalType = "Collision Mesh";
      prebuildCollisionData = "0";
      renderNormals = "0";
      forceDetail = "-1";
      position = "825.216248 -137.870514 144.453003";
      scale = "1 1 1";
      rotationMatrix = "0.210598767 -0.977506518 0.0113596655 0.972877026 0.210710585 0.0954520851 -0.0956986547 -0.009050522 0.995369196";
      isRenderEnabled = "false";
      canSave = "1";
      canSaveDynamicFields = "1";
      persistentId = "0fa6ff91-1090-46bb-a072-6dc3653b486f";
   };
   new TSStatic() {
      shapeName = "/art/shapes/race/s_concrete_race_barrier.dae";
      dynamic = "0";
      playAmbient = "1";
      meshCulling = "0";
      originSort = "0";
      useInstanceRenderData = "1";
      instanceColor = "White";
      instanceColor1 = "White";
      instanceColor2 = "White";
      collisionType = "Collision Mesh";
      decalType = "Collision Mesh";
      prebuildCollisionData = "0";
      renderNormals = "0";
      forceDetail = "-1";
      position = "834.208862 -116.461815 144.584473";
      scale = "1 1 1";
      rotationMatrix = "0.212987304 -0.977031529 -0.00675170869 0.975985348 0.21307236 -0.0453046709 0.0457027033 0.00305974297 0.998950422";
      isRenderEnabled = "false";
      canSave = "1";
      canSaveDynamicFields = "1";
      persistentId = "357d9785-6fbd-4665-b6de-5c03877657dc";
   };
   new TSStatic() {
      shapeName = "/art/shapes/race/s_concrete_race_barrier.dae";
      dynamic = "0";
      playAmbient = "1";
      meshCulling = "0";
      originSort = "0";
      useInstanceRenderData = "1";
      instanceColor = "White";
      instanceColor1 = "White";
      instanceColor2 = "White";
      collisionType = "Collision Mesh";
      decalType = "Collision Mesh";
      prebuildCollisionData = "0";
      renderNormals = "0";
      forceDetail = "-1";
      position = "833.227844 -111.933472 144.618927";
      scale = "1 1 1";
      rotationMatrix = "0.211604655 -0.976720393 -0.0352223553 0.977344573 0.211633444 0.00295211934 0.00457082968 -0.0350490659 0.999375165";
      isRenderEnabled = "false";
      canSave = "1";
      canSaveDynamicFields = "1";
      persistentId = "d9470b3c-368f-4391-a609-ed52aa58c6ab";
   };
   new TSStatic() {
      shapeName = "/art/shapes/race/s_concrete_race_barrier.dae";
      dynamic = "0";
      playAmbient = "1";
      meshCulling = "0";
      originSort = "0";
      useInstanceRenderData = "1";
      instanceColor = "White";
      instanceColor1 = "White";
      instanceColor2 = "White";
      collisionType = "Collision Mesh";
      decalType = "Collision Mesh";
      prebuildCollisionData = "0";
      renderNormals = "0";
      forceDetail = "-1";
      position = "794.624634 -18.4743614 147.190872";
      scale = "1 1 1";
      rotationMatrix = "0.378157675 -0.925710797 -0.00749560166 0.925528765 0.378231943 -0.0183549561 0.0198264606 3.67220491e-06 0.999803424";
      isRenderEnabled = "false";
      canSave = "1";
      canSaveDynamicFields = "1";
      persistentId = "2d483c6d-b0de-48e3-8b2c-3bd8818d8f30";
   };
   new TSStatic() {
      shapeName = "/art/shapes/race/s_concrete_race_barrier.dae";
      dynamic = "0";
      playAmbient = "1";
      meshCulling = "0";
      originSort = "0";
      useInstanceRenderData = "1";
      instanceColor = "White";
      instanceColor1 = "White";
      instanceColor2 = "White";
      collisionType = "Collision Mesh";
      decalType = "Collision Mesh";
      prebuildCollisionData = "0";
      renderNormals = "0";
      forceDetail = "-1";
      position = "792.96344 -14.407033 147.316437";
      scale = "1 1 1";
      rotationMatrix = "0.378111184 -0.925756395 -0.0026243641 0.925698578 0.378117204 -0.0104630217 0.0106785279 0.00152681442 0.999941826";
      isRenderEnabled = "false";
      canSave = "1";
      canSaveDynamicFields = "1";
      persistentId = "c60d5baa-353f-4470-8176-b89fd5ee146c";
   };
   new TSStatic() {
      shapeName = "/art/shapes/race/s_concrete_race_barrier.dae";
      dynamic = "0";
      playAmbient = "1";
      meshCulling = "0";
      originSort = "0";
      useInstanceRenderData = "1";
      instanceColor = "White";
      instanceColor1 = "White";
      instanceColor2 = "White";
      collisionType = "Collision Mesh";
      decalType = "Collision Mesh";
      prebuildCollisionData = "0";
      renderNormals = "0";
      forceDetail = "-1";
      position = "791.414551 -10.6056881 147.430496";
      scale = "1 1 1";
      rotationMatrix = "0.377310097 -0.926018417 0.0112603018 0.925479114 0.377475083 0.0316366814 -0.0335466377 -0.00151566323 0.999436021";
      isRenderEnabled = "false";
      canSave = "1";
      canSaveDynamicFields = "1";
      persistentId = "a9b69cb7-1ffc-4658-9c0c-0a3eb828d809";
   };
   new TSStatic() {
      shapeName = "/art/shapes/race/s_concrete_race_barrier.dae";
      dynamic = "0";
      playAmbient = "1";
      meshCulling = "0";
      originSort = "0";
      useInstanceRenderData = "1";
      instanceColor = "White";
      instanceColor1 = "White";
      instanceColor2 = "White";
      collisionType = "Collision Mesh";
      decalType = "Collision Mesh";
      prebuildCollisionData = "0";
      renderNormals = "0";
      forceDetail = "-1";
      position = "789.870422 -6.82438564 147.459503";
      scale = "1 1 1";
      rotationMatrix = "0.378045857 -0.925774395 -0.00481302897 0.925785601 0.378048778 0.000317833619 0.0015253179 -0.00457598828 0.999988377";
      isRenderEnabled = "false";
      canSave = "1";
      canSaveDynamicFields = "1";
      persistentId = "ff73ef2d-34b2-4e54-ad91-87ec8a36fa3a";
   };
   new TSStatic() {
      shapeName = "/art/shapes/race/s_concrete_race_barrier.dae";
      dynamic = "0";
      playAmbient = "1";
      meshCulling = "0";
      originSort = "0";
      useInstanceRenderData = "1";
      instanceColor = "White";
      instanceColor1 = "White";
      instanceColor2 = "White";
      collisionType = "Collision Mesh";
      decalType = "Collision Mesh";
      prebuildCollisionData = "0";
      renderNormals = "0";
      forceDetail = "-1";
      position = "705.451294 369.585541 145.424026";
      scale = "1 1 1";
      rotationMatrix = "0.998160958 0.00222322345 -0.0605787411 0.00399490353 0.994742393 0.102331132 0.0604877472 -0.10238494 0.992904127";
      isRenderEnabled = "false";
      canSave = "1";
      canSaveDynamicFields = "1";
      persistentId = "d6a10412-54f1-4f95-9222-832c0bbe82c8";
   };
   new TSStatic() {
      shapeName = "/art/shapes/race/s_concrete_race_barrier.dae";
      dynamic = "0";
      playAmbient = "1";
      meshCulling = "0";
      originSort = "0";
      useInstanceRenderData = "1";
      instanceColor = "White";
      instanceColor1 = "White";
      instanceColor2 = "White";
      collisionType = "Collision Mesh";
      decalType = "Collision Mesh";
      prebuildCollisionData = "0";
      renderNormals = "0";
      forceDetail = "-1";
      position = "701.534363 369.604095 145.662872";
      scale = "1 1 1";
      rotationMatrix = "0.999144495 0.0036709765 -0.0411917232 0.000273116049 0.995444894 0.0953380018 0.0413540788 -0.0952676982 0.994592309";
      isRenderEnabled = "false";
      canSave = "1";
      canSaveDynamicFields = "1";
      persistentId = "17b1ea1e-a7cd-4c43-878b-8415ed8da686";
   };
   new TSStatic() {
      shapeName = "/art/shapes/race/s_concrete_race_barrier.dae";
      dynamic = "0";
      playAmbient = "1";
      meshCulling = "0";
      originSort = "0";
      useInstanceRenderData = "1";
      instanceColor = "White";
      instanceColor1 = "White";
      instanceColor2 = "White";
      collisionType = "Collision Mesh";
      decalType = "Collision Mesh";
      prebuildCollisionData = "0";
      renderNormals = "0";
      forceDetail = "-1";
      position = "699.099304 340.066925 144.226822";
      scale = "1 1 1";
      rotationMatrix = "0.999631822 -0.00436049094 0.0267801527 0.00125994056 0.993397057 0.114720114 -0.02710356 -0.114644133 0.993036807";
      isRenderEnabled = "false";
      canSave = "1";
      canSaveDynamicFields = "1";
      persistentId = "f90ec3de-b070-4d4a-bde4-89962f2255c0";
   };
   new TSStatic() {
