//--- OBJECT WRITE BEGIN ---
$ThisPrefab = new SimGroup() {
   canSave = "1";
   canSaveDynamicFields = "1";
   persistentId = "7b057294-579f-4c83-8385-1eb25382b455";
      groupPosition = "0 0 0";

   new TSStatic() {
      shapeName = "/art/shapes/objects/arrowboard_L.dae";
      dynamic = "0";
      playAmbient = "1";
      meshCulling = "0";
      originSort = "0";
      useInstanceRenderData = "1";
      instanceColor = "White";
      instanceColor1 = "White";
      instanceColor2 = "White";
      collisionType = "Collision Mesh";
      decalType = "Collision Mesh";
      prebuildCollisionData = "0";
      renderNormals = "0";
      forceDetail = "-1";
      position = "350.73996 258.898804 160.545258";
      scale = "1 1 1";
      rotationMatrix = "0.847324789 -0.531075001 1.39698386e-09 0.530882835 0.847018242 0.0268955156 -0.0142835397 -0.0227892362 0.999638259";
      isRenderEnabled = "false";
      canSave = "1";
      canSaveDynamicFields = "1";
      persistentId = "2f6aa71c-3258-4124-8765-18f44ef43e67";
   };
   new TSStatic() {
      shapeName = "/art/shapes/objects/arrowboard_L.dae";
      dynamic = "0";
      playAmbient = "1";
      meshCulling = "0";
      originSort = "0";
      useInstanceRenderData = "1";
      instanceColor = "White";
      instanceColor1 = "White";
      instanceColor2 = "White";
      collisionType = "Collision Mesh";
      decalType = "Collision Mesh";
      prebuildCollisionData = "0";
      renderNormals = "0";
      forceDetail = "-1";
      position = "850.419983 -250.186005 144.153748";
      scale = "1 1 1";
      rotationMatrix = "-0.942191601 -0.335073858 0 0.335073858 -0.942191601 0 0 0 1";
      isRenderEnabled = "false";
      canSave = "1";
      canSaveDynamicFields = "1";
      persistentId = "9f8ac7c7-12cc-40e8-9a56-9e4c925a1d2e";
   };
   new TSStatic() {
      shapeName = "/art/shapes/objects/arrowboard_L.dae";
      dynamic = "0";
      playAmbient = "1";
      meshCulling = "0";
      originSort = "0";
      useInstanceRenderData = "1";
      instanceColor = "White";
      instanceColor1 = "White";
      instanceColor2 = "White";
      collisionType = "Collision Mesh";
      decalType = "Collision Mesh";
      prebuildCollisionData = "0";
      renderNormals = "0";
      forceDetail = "-1";
      position = "845.479431 -256.583252 144.153748";
      scale = "1 1 1";
      rotationMatrix = "-0.942191601 -0.335073858 0 0.335073858 -0.942191601 0 0 0 1";
      isRenderEnabled = "false";
      canSave = "1";
      canSaveDynamicFields = "1";
      persistentId = "56c128b3-9f6a-4eea-ba12-1704bda9e543";
   };
   new TSStatic() {
      shapeName = "/art/shapes/objects/arrowboard_L.dae";
      dynamic = "0";
      playAmbient = "1";
      meshCulling = "0";
      originSort = "0";
      useInstanceRenderData = "1";
      instanceColor = "White";
      instanceColor1 = "White";
      instanceColor2 = "White";
      collisionType = "Collision Mesh";
      decalType = "Collision Mesh";
      prebuildCollisionData = "0";
      renderNormals = "0";
      forceDetail = "-1";
      position = "502.062744 -591.832703 132.062057";
      scale = "1 1 1";
      rotationMatrix = "-0.998664021 0.0260027424 -0.0446474478 -0.0260286964 -0.999660969 5.82076609e-11 -0.0446323231 0.00116211525 0.999002814";
      isRenderEnabled = "false";
      canSave = "1";
      canSaveDynamicFields = "1";
      persistentId = "326b4f1a-b3be-4dea-b000-8ef1f0073652";
   };
   new TSStatic() {
      shapeName = "/art/shapes/objects/arrowboard_L.dae";
      dynamic = "0";
      playAmbient = "1";
      meshCulling = "0";
      originSort = "0";
      useInstanceRenderData = "1";
      instanceColor = "White";
      instanceColor1 = "White";
      instanceColor2 = "White";
      collisionType = "Collision Mesh";
      decalType = "Collision Mesh";
      prebuildCollisionData = "0";
      renderNormals = "0";
      forceDetail = "-1";
      position = "86.7467499 -754.784729 129.682724";
      scale = "1 1 1";
      rotationMatrix = "-0.995836496 -0.0910577476 0.00435166899 0.0908864439 -0.995404601 -0.0301658679 0.00707850512 -0.0296447519 0.999535441";
      isRenderEnabled = "false";
      canSave = "1";
      canSaveDynamicFields = "1";
      persistentId = "c3a1cda4-96ef-4b63-8a69-58bf1f89c59c";
   };
   new TSStatic() {
      shapeName = "/art/shapes/objects/arrowboard_L.dae";
      dynamic = "0";
      playAmbient = "1";
      meshCulling = "0";
      originSort = "0";
      useInstanceRenderData = "1";
      instanceColor = "White";
      instanceColor1 = "White";
      instanceColor2 = "White";
      collisionType = "Collision Mesh";
      decalType = "Collision Mesh";
      prebuildCollisionData = "0";
      renderNormals = "0";
      forceDetail = "-1";
      position = "4.37317753 -741.849182 129.74176";
      scale = "1 1 1";
      rotationMatrix = "-0.457954764 0.888975263 0 -0.888975263 -0.457954764 0 0 0 1";
      isRenderEnabled = "false";
      canSave = "1";
      canSaveDynamicFields = "1";
      persistentId = "f195f304-4a85-44f9-a3c4-4dd94da1b6aa";
   };
   new TSStatic() {
      shapeName = "/art/shapes/objects/arrowboard_L.dae";
      dynamic = "0";
      playAmbient = "1";
      meshCulling = "0";
      originSort = "0";
      useInstanceRenderData = "1";
      instanceColor = "White";
      instanceColor1 = "White";
      instanceColor2 = "White";
      collisionType = "Collision Mesh";
      decalType = "Collision Mesh";
      prebuildCollisionData = "0";
      renderNormals = "0";
      forceDetail = "-1";
      position = "-373.190979 -617.78009 127.227715";
      scale = "1 1 1";
      rotationMatrix = "-0.432961464 0.900831103 0.0323734172 -0.900985718 -0.431372046 -0.0462943465 -0.0277384017 -0.0492116436 0.998403132";
      isRenderEnabled = "false";
      canSave = "1";
      canSaveDynamicFields = "1";
      persistentId = "0c04b429-b437-4754-aed5-72c6018deb5e";
   };
   new TSStatic() {
      shapeName = "/art/shapes/objects/arrowboard_L.dae";
      dynamic = "0";
      playAmbient = "1";
      meshCulling = "0";
      originSort = "0";
      useInstanceRenderData = "1";
      instanceColor = "White";
      instanceColor1 = "White";
      instanceColor2 = "White";
      collisionType = "Collision Mesh";
      decalType = "Collision Mesh";
      prebuildCollisionData = "0";
      renderNormals = "0";
      forceDetail = "-1";
      position = "-409.138092 -593.686951 129.058701";
      scale = "1 1 1";
      rotationMatrix = "0.247211874 0.966678083 0.0664799958 -0.960913479 0.253405273 -0.111493453 -0.12462467 -0.0363190323 0.991539001";
      isRenderEnabled = "false";
      canSave = "1";
      canSaveDynamicFields = "1";
      persistentId = "6ee8038a-e7a1-469a-ac9a-f6ac7f702336";
   };
   new TSStatic() {
      shapeName = "/art/shapes/objects/arrowboard_L.dae";
      dynamic = "0";
      playAmbient = "1";
      meshCulling = "0";
      originSort = "0";
      useInstanceRenderData = "1";
      instanceColor = "White";
      instanceColor1 = "White";
      instanceColor2 = "White";
      collisionType = "Collision Mesh";
      decalType = "Collision Mesh";
      prebuildCollisionData = "0";
      renderNormals = "0";
      forceDetail = "-1";
      position = "-338.42453 -420.247833 133.100189";
      scale = "1 1 1";
      rotationMatrix = "0.879621387 0.475674421 0 -0.475674421 0.879621387 0 0 0 1";
      isRenderEnabled = "false";
      canSave = "1";
      canSaveDynamicFields = "1";
      persistentId = "c34b7fd3-0b7a-412b-8950-635338e9ba24";
   };
   new TSStatic() {
      shapeName = "/art/shapes/objects/arrowboard_L.dae";
      dynamic = "0";
      playAmbient = "1";
      meshCulling = "0";
      originSort = "0";
      useInstanceRenderData = "1";
      instanceColor = "White";
      instanceColor1 = "White";
      instanceColor2 = "White";
      collisionType = "Collision Mesh";
      decalType = "Collision Mesh";
      prebuildCollisionData = "0";
      renderNormals = "0";
      forceDetail = "-1";
      position = "-336.230316 -413.64212 133.16037";
      scale = "1 1 1";
      rotationMatrix = "0.879621387 0.475674421 0 -0.475674421 0.879621387 0 0 0 1";
      isRenderEnabled = "false";
      canSave = "1";
      canSaveDynamicFields = "1";
      persistentId = "675e7fc3-c505-498b-b13f-6bd6c8c004da";
   };
};
//--- OBJECT WRITE END ---
