//--- OBJECT WRITE BEGIN ---
$ThisPrefab = new SimGroup() {
   canSave = "1";
   canSaveDynamicFields = "1";
      groupPosition = "0 0 0";

   new TSStatic() {
      shapeName = "/levels/italy/art/shapes/misc/concrete_road_barrier_a.dae";
      dynamic = "0";
      playAmbient = "1";
      meshCulling = "0";
      originSort = "0";
      useInstanceRenderData = "0";
      instanceColor = "White";
      instanceColor1 = "White";
      instanceColor2 = "White";
      collisionType = "Collision Mesh";
      decalType = "Collision Mesh";
      prebuildCollisionData = "0";
      renderNormals = "0";
      forceDetail = "-1";
      position = "445.958405 1598.73364 139.013428";
      scale = "1 1 1";
      rotationMatrix = "0.00212705019 0.999997795 -3.69254766e-10 -0.999997556 0.00212704972 -0.000690534245 -0.000690532615 1.46916989e-06 0.999999762";
      isRenderEnabled = "false";
      canSave = "1";
      canSaveDynamicFields = "1";
      persistentId = "a60bb6ee-3efc-4204-ae4e-dc3f4cf15b4f";
         mode = "Ignore";
   };
   new TSStatic() {
      shapeName = "/levels/italy/art/shapes/misc/concrete_road_barrier_a.dae";
      dynamic = "0";
      playAmbient = "1";
      meshCulling = "0";
      originSort = "0";
      useInstanceRenderData = "0";
      instanceColor = "White";
      instanceColor1 = "White";
      instanceColor2 = "White";
      collisionType = "Collision Mesh";
      decalType = "Collision Mesh";
      prebuildCollisionData = "0";
      renderNormals = "0";
      forceDetail = "-1";
      position = "445.947937 1602.13025 139.013428";
      scale = "1 1 1";
      rotationMatrix = "0.00212705019 0.999997795 -3.69254766e-10 -0.999997556 0.00212704972 -0.000690534245 -0.000690532615 1.46916989e-06 0.999999762";
      isRenderEnabled = "false";
      canSave = "1";
      canSaveDynamicFields = "1";
      persistentId = "4b38fe81-5fc8-4df2-874b-5cce9ccefd59";
         mode = "Ignore";
   };
   new TSStatic() {
      shapeName = "/levels/italy/art/shapes/misc/concrete_road_barrier_a.dae";
      dynamic = "0";
      playAmbient = "1";
      meshCulling = "0";
      originSort = "0";
      useInstanceRenderData = "0";
      instanceColor = "White";
      instanceColor1 = "White";
      instanceColor2 = "White";
      collisionType = "Collision Mesh";
      decalType = "Collision Mesh";
      prebuildCollisionData = "0";
      renderNormals = "0";
      forceDetail = "-1";
      position = "445.950012 1605.57385 139.013428";
      scale = "1 1 1";
      rotationMatrix = "0.00212705019 0.999997795 -3.69254766e-10 -0.999997556 0.00212704972 -0.000690534245 -0.000690532615 1.46916989e-06 0.999999762";
      isRenderEnabled = "false";
      canSave = "1";
      canSaveDynamicFields = "1";
      persistentId = "3a96910a-fca7-4a55-8c9a-3c63316398cf";
         mode = "Ignore";
   };
   new TSStatic() {
      shapeName = "/levels/italy/art/shapes/misc/concrete_road_barrier_a.dae";
      dynamic = "0";
      playAmbient = "1";
      meshCulling = "0";
      originSort = "0";
      useInstanceRenderData = "0";
      instanceColor = "White";
      instanceColor1 = "White";
      instanceColor2 = "White";
      collisionType = "Collision Mesh";
      decalType = "Collision Mesh";
      prebuildCollisionData = "0";
      renderNormals = "0";
      forceDetail = "-1";
      position = "455.699677 1799.15906 139.013428";
      scale = "1 1 1";
      rotationMatrix = "0.0636188239 0.997974396 1.34605216e-10 -0.997974038 0.0636187941 -0.000690533954 -0.000689135573 4.39307551e-05 0.999999762";
      isRenderEnabled = "false";
      canSave = "1";
      canSaveDynamicFields = "1";
      persistentId = "4d37d1e9-71b8-456e-bb62-2cb4b451d876";
         mode = "Ignore";
   };
   new TSStatic() {
      shapeName = "/levels/italy/art/shapes/misc/concrete_road_barrier_a.dae";
      dynamic = "0";
      playAmbient = "1";
      meshCulling = "0";
      originSort = "0";
      useInstanceRenderData = "0";
      instanceColor = "White";
      instanceColor1 = "White";
      instanceColor2 = "White";
      collisionType = "Collision Mesh";
      decalType = "Collision Mesh";
      prebuildCollisionData = "0";
      renderNormals = "0";
      forceDetail = "-1";
      position = "455.99118 1803.46643 139.013428";
      scale = "1 1 1";
      rotationMatrix = "0.0636188239 0.997974396 1.34605216e-10 -0.997974038 0.0636187941 -0.000690533954 -0.000689135573 4.39307551e-05 0.999999762";
      isRenderEnabled = "false";
      canSave = "1";
      canSaveDynamicFields = "1";
      persistentId = "d9f9e9d4-7ad8-42af-8c38-f2b3ea0d50bc";
         mode = "Ignore";
   };
   new TSStatic() {
      shapeName = "/levels/italy/art/shapes/misc/concrete_road_barrier_a.dae";
      dynamic = "0";
      playAmbient = "1";
      meshCulling = "0";
      originSort = "0";
      useInstanceRenderData = "0";
      instanceColor = "White";
      instanceColor1 = "White";
      instanceColor2 = "White";
      collisionType = "Collision Mesh";
      decalType = "Collision Mesh";
      prebuildCollisionData = "0";
      renderNormals = "0";
      forceDetail = "-1";
      position = "456.264038 1807.52942 139.013428";
      scale = "1 1 1";
      rotationMatrix = "0.0636188239 0.997974396 1.34605216e-10 -0.997974038 0.0636187941 -0.000690533954 -0.000689135573 4.39307551e-05 0.999999762";
      isRenderEnabled = "false";
      canSave = "1";
      canSaveDynamicFields = "1";
      persistentId = "67483579-e41e-4878-bba8-ea77ca0287d3";
         mode = "Ignore";
   };
   new TSStatic() {
      shapeName = "/levels/italy/art/shapes/misc/concrete_road_barrier_a.dae";
      dynamic = "0";
      playAmbient = "1";
      meshCulling = "0";
      originSort = "0";
      useInstanceRenderData = "0";
      instanceColor = "White";
      instanceColor1 = "White";
      instanceColor2 = "White";
      collisionType = "Collision Mesh";
      decalType = "Collision Mesh";
      prebuildCollisionData = "0";
      renderNormals = "0";
      forceDetail = "-1";
      position = "465.977814 1676.21448 139.013428";
      scale = "1 1 1";
      rotationMatrix = "-0.620519638 0.784191072 -4.65661287e-10 -0.784190834 -0.620519578 -0.000690533721 -0.000541510526 -0.000428489264 0.999999821";
      isRenderEnabled = "false";
      canSave = "1";
      canSaveDynamicFields = "1";
      persistentId = "0652b194-c255-4cdb-b931-06606e9ca89f";
         mode = "Ignore";
   };
   new TSStatic() {
      shapeName = "/levels/italy/art/shapes/misc/concrete_road_barrier_a.dae";
      dynamic = "0";
      playAmbient = "1";
      meshCulling = "0";
      originSort = "0";
      useInstanceRenderData = "0";
      instanceColor = "White";
      instanceColor1 = "White";
      instanceColor2 = "White";
      collisionType = "Collision Mesh";
      decalType = "Collision Mesh";
      prebuildCollisionData = "0";
      renderNormals = "0";
      forceDetail = "-1";
      position = "463.856323 1678.86719 139.013428";
      scale = "1 1 1";
      rotationMatrix = "-0.620519638 0.784191072 -4.65661287e-10 -0.784190834 -0.620519578 -0.000690533721 -0.000541510526 -0.000428489264 0.999999821";
      isRenderEnabled = "false";
      canSave = "1";
      canSaveDynamicFields = "1";
      persistentId = "014df876-5d5d-469b-bdb0-31b9456d723d";
         mode = "Ignore";
   };
   new TSStatic() {
      shapeName = "/levels/italy/art/shapes/misc/concrete_road_barrier_a.dae";
      dynamic = "0";
      playAmbient = "1";
      meshCulling = "0";
      originSort = "0";
      useInstanceRenderData = "0";
      instanceColor = "White";
      instanceColor1 = "White";
      instanceColor2 = "White";
      collisionType = "Collision Mesh";
      decalType = "Collision Mesh";
      prebuildCollisionData = "0";
      renderNormals = "0";
      forceDetail = "-1";
      position = "461.715576 1681.56409 139.013428";
      scale = "1 1 1";
      rotationMatrix = "-0.620519638 0.784191072 -4.65661287e-10 -0.784190834 -0.620519578 -0.000690533721 -0.000541510526 -0.000428489264 0.999999821";
      isRenderEnabled = "false";
      canSave = "1";
      canSaveDynamicFields = "1";
      persistentId = "771ed6ee-bc35-4244-b003-06c734846346";
         mode = "Ignore";
   };
   new TSStatic() {
      shapeName = "/levels/italy/art/shapes/signs/italy_traf_sign_arrow_left.dae";
      dynamic = "0";
      playAmbient = "1";
      meshCulling = "0";
      originSort = "0";
      useInstanceRenderData = "0";
      instanceColor = "White";
      instanceColor1 = "White";
      instanceColor2 = "White";
      collisionType = "Collision Mesh";
      decalType = "Collision Mesh";
      prebuildCollisionData = "0";
      renderNormals = "0";
      forceDetail = "-1";
      position = "491.766296 1772.70862 139.292953";
      scale = "1 1 1";
      rotationMatrix = "-0.391116112 -0.920340896 0 0.920340896 -0.391116112 0 0 0 1";
      isRenderEnabled = "false";
      canSave = "1";
      canSaveDynamicFields = "1";
      persistentId = "c4d12da3-1837-422f-8b73-0affe84aa339";
         mode = "Ignore";
   };
   new TSStatic() {
      shapeName = "/levels/italy/art/shapes/signs/italy_traf_sign_arrow_left.dae";
      dynamic = "0";
      playAmbient = "1";
      meshCulling = "0";
      originSort = "0";
      useInstanceRenderData = "0";
      instanceColor = "White";
      instanceColor1 = "White";
      instanceColor2 = "White";
      collisionType = "Collision Mesh";
      decalType = "Collision Mesh";
      prebuildCollisionData = "0";
      renderNormals = "0";
      forceDetail = "-1";
      position = "437.665314 1704.38477 139.148819";
      scale = "1 1 1";
      rotationMatrix = "-0.930641711 0.365931094 0 -0.365931094 -0.930641711 0 0 0 1";
      isRenderEnabled = "false";
      canSave = "1";
      canSaveDynamicFields = "1";
      persistentId = "a56cc189-0b84-4b32-88f2-f90b43d07bdb";
         mode = "Ignore";
   };
   new TSStatic() {
      shapeName = "/levels/italy/art/shapes/signs/italy_traf_sign_arrow_left.dae";
      dynamic = "0";
      playAmbient = "1";
      meshCulling = "0";
      originSort = "0";
      useInstanceRenderData = "0";
      instanceColor = "White";
      instanceColor1 = "White";
      instanceColor2 = "White";
      collisionType = "Collision Mesh";
      decalType = "Collision Mesh";
      prebuildCollisionData = "0";
      renderNormals = "0";
      forceDetail = "-1";
      position = "439.013031 1701.60144 139.148819";
      scale = "1 1 1";
      rotationMatrix = "-0.968550205 0.248817191 0 -0.248817191 -0.968550205 0 0 0 1";
      isRenderEnabled = "false";
      canSave = "1";
      canSaveDynamicFields = "1";
      persistentId = "e4ecee07-2b4b-44af-abaa-5ed9d0aa05f2";
         mode = "Ignore";
   };
   new TSStatic() {
      shapeName = "/levels/italy/art/shapes/signs/italy_traf_sign_arrow_right.dae";
      dynamic = "0";
      playAmbient = "1";
      meshCulling = "0";
      originSort = "0";
      useInstanceRenderData = "0";
      instanceColor = "White";
      instanceColor1 = "White";
      instanceColor2 = "White";
      collisionType = "Collision Mesh";
      decalType = "Collision Mesh";
      prebuildCollisionData = "0";
      renderNormals = "0";
      forceDetail = "-1";
      position = "440.33255 1698.54407 139.222519";
      scale = "1 1 1";
      rotationMatrix = "1 0 0 0 1 0 0 0 1";
      isRenderEnabled = "false";
      canSave = "1";
      canSaveDynamicFields = "1";
      persistentId = "da5bb45a-52b5-45d1-b7fa-5ffeda019a5a";
         mode = "Ignore";
   };
   new TSStatic() {
      shapeName = "/levels/italy/art/shapes/signs/italy_traf_sign_arrow_right.dae";
      dynamic = "0";
      playAmbient = "1";
      meshCulling = "0";
      originSort = "0";
      useInstanceRenderData = "0";
      instanceColor = "White";
      instanceColor1 = "White";
      instanceColor2 = "White";
      collisionType = "Collision Mesh";
      decalType = "Collision Mesh";
      prebuildCollisionData = "0";
      renderNormals = "0";
      forceDetail = "-1";
      position = "438.042938 1696.59375 139.222519";
      scale = "1 1 1";
      rotationMatrix = "1 0 0 0 1 0 0 0 1";
      isRenderEnabled = "false";
      canSave = "1";
      canSaveDynamicFields = "1";
      persistentId = "eda3818a-d569-4320-a319-79d8642db107";
         mode = "Ignore";
   };
   new TSStatic() {
      shapeName = "/levels/italy/art/shapes/signs/italy_traf_sign_arrow_left.dae";
      dynamic = "0";
      playAmbient = "1";
      meshCulling = "0";
      originSort = "0";
      useInstanceRenderData = "0";
      instanceColor = "White";
      instanceColor1 = "White";
      instanceColor2 = "White";
      collisionType = "Collision Mesh";
      decalType = "Collision Mesh";
      prebuildCollisionData = "0";
      renderNormals = "0";
      forceDetail = "-1";
      position = "486.563965 1770.10901 139.292953";
      scale = "1 1 1";
      rotationMatrix = "-0.847789466 -0.530332446 0 0.530332446 -0.847789466 0 0 0 1";
      isRenderEnabled = "false";
      canSave = "1";
      canSaveDynamicFields = "1";
      persistentId = "e60c2324-d4dc-4094-af1b-eac9f097760a";
         mode = "Ignore";
   };
   new TSStatic() {
      shapeName = "/levels/italy/art/shapes/signs/italy_traf_sign_arrow_left.dae";
      dynamic = "0";
      playAmbient = "1";
      meshCulling = "0";
      originSort = "0";
      useInstanceRenderData = "0";
      instanceColor = "White";
      instanceColor1 = "White";
      instanceColor2 = "White";
      collisionType = "Collision Mesh";
      decalType = "Collision Mesh";
      prebuildCollisionData = "0";
      renderNormals = "0";
      forceDetail = "-1";
      position = "489.207733 1771.44763 139.292953";
      scale = "1 1 1";
      rotationMatrix = "-0.612983644 -0.790094912 0 0.790094912 -0.612983644 0 0 0 1";
      isRenderEnabled = "false";
      canSave = "1";
      canSaveDynamicFields = "1";
      persistentId = "5acd4592-6272-42ab-bc7b-f6d5dfb39998";
         mode = "Ignore";
   };
   new TSStatic() {
      shapeName = "/levels/italy/art/shapes/misc/concrete_road_barrier_a.dae";
      dynamic = "0";
      playAmbient = "1";
      meshCulling = "0";
      originSort = "0";
      useInstanceRenderData = "0";
      instanceColor = "White";
      instanceColor1 = "White";
      instanceColor2 = "White";
      collisionType = "Collision Mesh";
      decalType = "Collision Mesh";
      prebuildCollisionData = "0";
      renderNormals = "0";
      forceDetail = "-1";
      position = "445.535034 1777.29895 139.013428";
      scale = "1 1 1";
      rotationMatrix = "0.469452262 0.882957935 3.63797881e-12 -0.882957578 0.469452173 -0.000690533721 -0.000609712617 0.000324172579 0.999999762";
      isRenderEnabled = "false";
      canSave = "1";
      canSaveDynamicFields = "1";
      persistentId = "22e1f1f5-2233-4275-89e6-a9cd2dd7e0ec";
         mode = "Ignore";
   };
   new TSStatic() {
      shapeName = "/levels/italy/art/shapes/misc/concrete_road_barrier_a.dae";
      dynamic = "0";
      playAmbient = "1";
      meshCulling = "0";
      originSort = "0";
      useInstanceRenderData = "0";
      instanceColor = "White";
      instanceColor1 = "White";
      instanceColor2 = "White";
      collisionType = "Collision Mesh";
      decalType = "Collision Mesh";
      prebuildCollisionData = "0";
      renderNormals = "0";
      forceDetail = "-1";
      position = "444.103729 1774.64026 139.013428";
      scale = "1 1 1";
      rotationMatrix = "0.469452262 0.882957935 3.63797881e-12 -0.882957578 0.469452173 -0.000690533721 -0.000609712617 0.000324172579 0.999999762";
      isRenderEnabled = "false";
      canSave = "1";
      canSaveDynamicFields = "1";
      persistentId = "c2da3e76-75ce-44eb-9e6c-b8551f61ff0b";
         mode = "Ignore";
   };
   new TSStatic() {
      shapeName = "/levels/italy/art/shapes/misc/concrete_road_barrier_a.dae";
      dynamic = "0";
      playAmbient = "1";
      meshCulling = "0";
      originSort = "0";
      useInstanceRenderData = "0";
      instanceColor = "White";
      instanceColor1 = "White";
      instanceColor2 = "White";
      collisionType = "Collision Mesh";
      decalType = "Collision Mesh";
      prebuildCollisionData = "0";
      renderNormals = "0";
      forceDetail = "-1";
      position = "441.234192 1769.31067 139.013428";
      scale = "1 1 1";
      rotationMatrix = "0.469452262 0.882957935 3.63797881e-12 -0.882957578 0.469452173 -0.000690533721 -0.000609712617 0.000324172579 0.999999762";
      isRenderEnabled = "false";
      canSave = "1";
      canSaveDynamicFields = "1";
      persistentId = "649c89ea-d7ce-43c6-9cf1-f565433a4885";
         mode = "Ignore";
   };
   new TSStatic() {
      shapeName = "/levels/italy/art/shapes/misc/concrete_road_barrier_a.dae";
      dynamic = "0";
      playAmbient = "1";
      meshCulling = "0";
      originSort = "0";
      useInstanceRenderData = "0";
      instanceColor = "White";
      instanceColor1 = "White";
      instanceColor2 = "White";
      collisionType = "Collision Mesh";
      decalType = "Collision Mesh";
      prebuildCollisionData = "0";
      renderNormals = "0";
      forceDetail = "-1";
      position = "442.665497 1771.96936 139.013428";
      scale = "1 1 1";
      rotationMatrix = "0.469452262 0.882957935 3.63797881e-12 -0.882957578 0.469452173 -0.000690533721 -0.000609712617 0.000324172579 0.999999762";
      isRenderEnabled = "false";
      canSave = "1";
      canSaveDynamicFields = "1";
      persistentId = "19c136cc-b59e-4b50-b54d-968afec68bf8";
         mode = "Ignore";
   };
   new TSStatic() {
      shapeName = "/levels/italy/art/shapes/misc/concrete_road_barrier_a.dae";
      dynamic = "0";
      playAmbient = "1";
      meshCulling = "0";
      originSort = "0";
      useInstanceRenderData = "0";
      instanceColor = "White";
      instanceColor1 = "White";
      instanceColor2 = "White";
      collisionType = "Collision Mesh";
      decalType = "Collision Mesh";
      prebuildCollisionData = "0";
      renderNormals = "0";
      forceDetail = "-1";
      position = "438.360168 1763.95435 139.013428";
      scale = "1 1 1";
      rotationMatrix = "0.469452262 0.882957935 3.63797881e-12 -0.882957578 0.469452173 -0.000690533721 -0.000609712617 0.000324172579 0.999999762";
      isRenderEnabled = "false";
      canSave = "1";
      canSaveDynamicFields = "1";
      persistentId = "13fd80d5-d8a1-4310-a17f-8265ea868587";
         mode = "Ignore";
   };
   new TSStatic() {
      shapeName = "/levels/italy/art/shapes/misc/concrete_road_barrier_a.dae";
      dynamic = "0";
      playAmbient = "1";
      meshCulling = "0";
      originSort = "0";
      useInstanceRenderData = "0";
      instanceColor = "White";
      instanceColor1 = "White";
      instanceColor2 = "White";
      collisionType = "Collision Mesh";
      decalType = "Collision Mesh";
      prebuildCollisionData = "0";
      renderNormals = "0";
      forceDetail = "-1";
      position = "439.791473 1766.61304 139.013428";
      scale = "1 1 1";
      rotationMatrix = "0.469452262 0.882957935 3.63797881e-12 -0.882957578 0.469452173 -0.000690533721 -0.000609712617 0.000324172579 0.999999762";
      isRenderEnabled = "false";
      canSave = "1";
      canSaveDynamicFields = "1";
      persistentId = "3f929b47-d760-424e-95ad-ffd59c1bcc52";
         mode = "Ignore";
   };
   new TSStatic() {
      shapeName = "/levels/italy/art/shapes/misc/concrete_road_barrier_a.dae";
      dynamic = "0";
      playAmbient = "1";
      meshCulling = "0";
      originSort = "0";
      useInstanceRenderData = "0";
      instanceColor = "White";
      instanceColor1 = "White";
      instanceColor2 = "White";
      collisionType = "Collision Mesh";
      decalType = "Collision Mesh";
      prebuildCollisionData = "0";
      renderNormals = "0";
      forceDetail = "-1";
      position = "436.630035 1757.99731 139.013428";
      scale = "1 1 1";
      rotationMatrix = "0.213133737 0.977023065 -3.89263649e-10 -0.977022827 0.213133678 -0.000690534129 -0.000674667594 0.00014717647 0.999999762";
      isRenderEnabled = "false";
      canSave = "1";
      canSaveDynamicFields = "1";
      persistentId = "fec3a31d-a498-48ee-945b-5abfa936d6c8";
         mode = "Ignore";
   };
   new TSStatic() {
      shapeName = "/levels/italy/art/shapes/misc/concrete_road_barrier_a.dae";
      dynamic = "0";
      playAmbient = "1";
      meshCulling = "0";
      originSort = "0";
      useInstanceRenderData = "0";
      instanceColor = "White";
      instanceColor1 = "White";
      instanceColor2 = "White";
      collisionType = "Collision Mesh";
      decalType = "Collision Mesh";
      prebuildCollisionData = "0";
      renderNormals = "0";
      forceDetail = "-1";
      position = "437.288879 1760.94482 139.013428";
      scale = "1 1 1";
      rotationMatrix = "0.213133737 0.977023065 -3.89263649e-10 -0.977022827 0.213133678 -0.000690534129 -0.000674667594 0.00014717647 0.999999762";
      isRenderEnabled = "false";
      canSave = "1";
      canSaveDynamicFields = "1";
      persistentId = "bdd01f1a-b127-4d1c-b568-bb71a17dec80";
         mode = "Ignore";
   };
   new TSStatic() {
      shapeName = "/levels/italy/art/shapes/misc/concrete_road_barrier_a.dae";
      dynamic = "0";
      playAmbient = "1";
      meshCulling = "0";
      originSort = "0";
      useInstanceRenderData = "0";
      instanceColor = "White";
      instanceColor1 = "White";
      instanceColor2 = "White";
      collisionType = "Collision Mesh";
      decalType = "Collision Mesh";
      prebuildCollisionData = "0";
      renderNormals = "0";
      forceDetail = "-1";
      position = "436.962372 1705.68298 139.013428";
      scale = "1 1 1";
      rotationMatrix = "-0.458169103 0.888865054 -5.60021307e-10 -0.888864875 -0.458169013 -0.000690533605 -0.000613791461 -0.000316380669 0.999999821";
      isRenderEnabled = "false";
      canSave = "1";
      canSaveDynamicFields = "1";
      persistentId = "0c58fbde-081b-46bb-9d6a-eacd0e566e73";
         mode = "Ignore";
   };
   new TSStatic() {
      shapeName = "/levels/italy/art/shapes/misc/concrete_road_barrier_a.dae";
      dynamic = "0";
      playAmbient = "1";
      meshCulling = "0";
      originSort = "0";
      useInstanceRenderData = "0";
      instanceColor = "White";
      instanceColor1 = "White";
      instanceColor2 = "White";
      collisionType = "Collision Mesh";
      decalType = "Collision Mesh";
      prebuildCollisionData = "0";
      renderNormals = "0";
      forceDetail = "-1";
      position = "438.332062 1702.99146 139.013428";
      scale = "1 1 1";
      rotationMatrix = "-0.458169103 0.888865054 -5.60021307e-10 -0.888864875 -0.458169013 -0.000690533605 -0.000613791461 -0.000316380669 0.999999821";
      isRenderEnabled = "false";
      canSave = "1";
      canSaveDynamicFields = "1";
      persistentId = "b33d6184-d738-48bb-a67b-6716cda44cab";
         mode = "Ignore";
   };
   new TSStatic() {
      shapeName = "/levels/italy/art/shapes/misc/concrete_road_barrier_a.dae";
      dynamic = "0";
      playAmbient = "1";
      meshCulling = "0";
      originSort = "0";
      useInstanceRenderData = "0";
      instanceColor = "White";
      instanceColor1 = "White";
      instanceColor2 = "White";
      collisionType = "Collision Mesh";
      decalType = "Collision Mesh";
      prebuildCollisionData = "0";
      renderNormals = "0";
      forceDetail = "-1";
      position = "439.717438 1700.2677 139.013428";
      scale = "1 1 1";
      rotationMatrix = "-0.458169103 0.888865054 -5.60021307e-10 -0.888864875 -0.458169013 -0.000690533605 -0.000613791461 -0.000316380669 0.999999821";
      isRenderEnabled = "false";
      canSave = "1";
      canSaveDynamicFields = "1";
      persistentId = "a2debecf-d0a6-49ca-9df3-4fddc43fdbd5";
         mode = "Ignore";
   };
   new TSStatic() {
      shapeName = "/levels/italy/art/shapes/misc/concrete_road_barrier_a.dae";
      dynamic = "0";
      playAmbient = "1";
      meshCulling = "0";
      originSort = "0";
      useInstanceRenderData = "0";
      instanceColor = "White";
      instanceColor1 = "White";
      instanceColor2 = "White";
      collisionType = "Collision Mesh";
      decalType = "Collision Mesh";
      prebuildCollisionData = "0";
      renderNormals = "0";
      forceDetail = "-1";
      position = "439.185455 1697.55249 139.013428";
      scale = "1 1 1";
      rotationMatrix = "0.760584891 0.649238586 -1.38652467e-09 -0.649238348 0.760584831 -0.000690532557 -0.000448319799 0.000525210053 0.999999821";
      isRenderEnabled = "false";
      canSave = "1";
      canSaveDynamicFields = "1";
      persistentId = "5511d0c2-eb3e-4203-bae4-aff20854e264";
         mode = "Ignore";
   };
   new TSStatic() {
      shapeName = "/levels/italy/art/shapes/misc/concrete_road_barrier_a.dae";
      dynamic = "0";
      playAmbient = "1";
      meshCulling = "0";
      originSort = "0";
      useInstanceRenderData = "0";
      instanceColor = "White";
      instanceColor1 = "White";
      instanceColor2 = "White";
      collisionType = "Collision Mesh";
      decalType = "Collision Mesh";
      prebuildCollisionData = "0";
      renderNormals = "0";
      forceDetail = "-1";
      position = "481.975006 1624.87048 139.013428";
      scale = "1 1 1";
      rotationMatrix = "-0.652239978 0.758012652 -4.35648018e-10 -0.758012474 -0.652239799 -0.000690534071 -0.000523433788 -0.000450393563 0.999999762";
      isRenderEnabled = "false";
      canSave = "1";
      canSaveDynamicFields = "1";
      persistentId = "3f18e8e9-b272-4bf2-84ca-02bcfa8f47b0";
         mode = "Ignore";
   };
   new TSStatic() {
      shapeName = "/levels/italy/art/shapes/misc/concrete_road_barrier_a.dae";
      dynamic = "0";
      playAmbient = "1";
      meshCulling = "0";
      originSort = "0";
      useInstanceRenderData = "0";
      instanceColor = "White";
      instanceColor1 = "White";
      instanceColor2 = "White";
      collisionType = "Collision Mesh";
      decalType = "Collision Mesh";
      prebuildCollisionData = "0";
      renderNormals = "0";
      forceDetail = "-1";
      position = "479.994354 1627.19727 139.013428";
      scale = "1 1 1";
      rotationMatrix = "-0.652239978 0.758012652 -4.35648018e-10 -0.758012474 -0.652239799 -0.000690534071 -0.000523433788 -0.000450393563 0.999999762";
      isRenderEnabled = "false";
      canSave = "1";
      canSaveDynamicFields = "1";
      persistentId = "8c95fefc-86c9-4a6d-8c57-7564321a2153";
         mode = "Ignore";
   };
   new TSStatic() {
      shapeName = "/levels/italy/art/shapes/misc/concrete_road_barrier_a.dae";
      dynamic = "0";
      playAmbient = "1";
      meshCulling = "0";
      originSort = "0";
      useInstanceRenderData = "0";
      instanceColor = "White";
      instanceColor1 = "White";
      instanceColor2 = "White";
      collisionType = "Collision Mesh";
      decalType = "Collision Mesh";
      prebuildCollisionData = "0";
      renderNormals = "0";
      forceDetail = "-1";
      position = "478.036591 1629.49646 139.013428";
      scale = "1 1 1";
      rotationMatrix = "-0.652239978 0.758012652 -4.35648018e-10 -0.758012474 -0.652239799 -0.000690534071 -0.000523433788 -0.000450393563 0.999999762";
      isRenderEnabled = "false";
      canSave = "1";
      canSaveDynamicFields = "1";
      persistentId = "c6ccc97b-d205-403e-b8de-14eee7b0c04f";
         mode = "Ignore";
   };
   new TSStatic() {
      shapeName = "/levels/italy/art/shapes/misc/concrete_road_barrier_a.dae";
      dynamic = "0";
      playAmbient = "1";
      meshCulling = "0";
      originSort = "0";
      useInstanceRenderData = "0";
      instanceColor = "White";
      instanceColor1 = "White";
      instanceColor2 = "White";
      collisionType = "Collision Mesh";
      decalType = "Collision Mesh";
      prebuildCollisionData = "0";
      renderNormals = "0";
      forceDetail = "-1";
      position = "484.939636 1620.30603 139.013428";
      scale = "1 1 1";
      rotationMatrix = "0.470537454 0.882379949 -4.52928361e-10 -0.88237977 0.470537484 -0.000690532965 -0.00060931273 0.00032492209 0.999999762";
      isRenderEnabled = "false";
      canSave = "1";
      canSaveDynamicFields = "1";
      persistentId = "3ea76975-36df-4e28-9a8d-f8a46e2d02e5";
         mode = "Ignore";
   };
   new TSStatic() {
      shapeName = "/levels/italy/art/shapes/misc/concrete_road_barrier_a.dae";
      dynamic = "0";
      playAmbient = "1";
      meshCulling = "0";
      originSort = "0";
      useInstanceRenderData = "0";
      instanceColor = "White";
      instanceColor1 = "White";
      instanceColor2 = "White";
      collisionType = "Collision Mesh";
      decalType = "Collision Mesh";
      prebuildCollisionData = "0";
      renderNormals = "0";
      forceDetail = "-1";
      position = "484.102966 1622.67493 139.013428";
      scale = "1 1 1";
      rotationMatrix = "-0.722546637 0.691322267 -3.91992216e-10 -0.691322029 -0.722546399 -0.000690533721 -0.000477381662 -0.000498942565 0.999999762";
      isRenderEnabled = "false";
      canSave = "1";
      canSaveDynamicFields = "1";
      persistentId = "2ffdfcf5-81e0-4a04-bb0a-c4ce2f3722fc";
         mode = "Ignore";
   };
   new TSStatic() {
      shapeName = "/levels/italy/art/shapes/misc/concrete_road_barrier_a.dae";
      dynamic = "0";
      playAmbient = "1";
      meshCulling = "0";
      originSort = "0";
      useInstanceRenderData = "0";
      instanceColor = "White";
      instanceColor1 = "White";
      instanceColor2 = "White";
      collisionType = "Collision Mesh";
      decalType = "Collision Mesh";
      prebuildCollisionData = "0";
      renderNormals = "0";
      forceDetail = "-1";
      position = "483.523682 1617.5874 139.013428";
      scale = "1 1 1";
      rotationMatrix = "0.470537454 0.882379949 -4.52928361e-10 -0.88237977 0.470537484 -0.000690532965 -0.00060931273 0.00032492209 0.999999762";
      isRenderEnabled = "false";
      canSave = "1";
      canSaveDynamicFields = "1";
      persistentId = "10101dfd-e6b9-4514-aef4-60e66c4af82d";
         mode = "Ignore";
   };
   new TSStatic() {
      shapeName = "/levels/italy/art/shapes/misc/concrete_road_barrier_a.dae";
      dynamic = "0";
      playAmbient = "1";
      meshCulling = "0";
      originSort = "0";
      useInstanceRenderData = "0";
      instanceColor = "White";
      instanceColor1 = "White";
      instanceColor2 = "White";
      collisionType = "Collision Mesh";
      decalType = "Collision Mesh";
      prebuildCollisionData = "0";
      renderNormals = "0";
      forceDetail = "-1";
      position = "482.125244 1614.87354 139.013428";
      scale = "1 1 1";
      rotationMatrix = "0.470537454 0.882379949 -4.52928361e-10 -0.88237977 0.470537484 -0.000690532965 -0.00060931273 0.00032492209 0.999999762";
      isRenderEnabled = "false";
      canSave = "1";
      canSaveDynamicFields = "1";
      persistentId = "8a397d8d-e686-4385-842e-d83348b8573e";
         mode = "Ignore";
   };
   new TSStatic() {
      shapeName = "/levels/italy/art/shapes/misc/concrete_road_barrier_a.dae";
      dynamic = "0";
      playAmbient = "1";
      meshCulling = "0";
      originSort = "0";
      useInstanceRenderData = "0";
      instanceColor = "White";
      instanceColor1 = "White";
      instanceColor2 = "White";
      collisionType = "Collision Mesh";
      decalType = "Collision Mesh";
      prebuildCollisionData = "0";
      renderNormals = "0";
      forceDetail = "-1";
      position = "471.80304 1564.36353 139.013428";
      scale = "1 1 1";
      rotationMatrix = "-0.299110949 -0.954218328 -6.71661671e-10 0.95421809 -0.29911086 -0.00069053442 0.000658920442 -0.000206547062 0.999999762";
      isRenderEnabled = "false";
      canSave = "1";
      canSaveDynamicFields = "1";
      persistentId = "529dcdde-bc0c-4f29-826b-84a1f9a985da";
         mode = "Ignore";
   };
   new TSStatic() {
      shapeName = "/levels/italy/art/shapes/misc/concrete_road_barrier_a.dae";
      dynamic = "0";
      playAmbient = "1";
      meshCulling = "0";
      originSort = "0";
      useInstanceRenderData = "0";
      instanceColor = "White";
      instanceColor1 = "White";
      instanceColor2 = "White";
      collisionType = "Collision Mesh";
      decalType = "Collision Mesh";
      prebuildCollisionData = "0";
      renderNormals = "0";
      forceDetail = "-1";
      position = "470.884827 1561.48669 139.013428";
      scale = "1 1 1";
      rotationMatrix = "-0.299110949 -0.954218328 -6.71661671e-10 0.95421809 -0.29911086 -0.00069053442 0.000658920442 -0.000206547062 0.999999762";
      isRenderEnabled = "false";
      canSave = "1";
      canSaveDynamicFields = "1";
      persistentId = "e2c91a5a-386c-4859-8eae-102bdc516d25";
         mode = "Ignore";
   };
   new TSStatic() {
      shapeName = "/levels/italy/art/shapes/misc/concrete_road_barrier_a.dae";
      dynamic = "0";
      playAmbient = "1";
      meshCulling = "0";
      originSort = "0";
      useInstanceRenderData = "0";
      instanceColor = "White";
      instanceColor1 = "White";
      instanceColor2 = "White";
      collisionType = "Collision Mesh";
      decalType = "Collision Mesh";
      prebuildCollisionData = "0";
      renderNormals = "0";
      forceDetail = "-1";
      position = "464.278015 1549.24023 139.013428";
      scale = "1 1 1";
      rotationMatrix = "-0.650294602 -0.759682238 -8.18545232e-10 0.759682059 -0.650294423 -0.000690533954 0.000524585776 -0.000449051033 0.999999762";
      isRenderEnabled = "false";
      canSave = "1";
      canSaveDynamicFields = "1";
      persistentId = "36d60627-c223-4cbc-85a1-4dd2cc787e3a";
         mode = "Ignore";
   };
   new TSStatic() {
      shapeName = "/levels/italy/art/shapes/misc/concrete_road_barrier_a.dae";
      dynamic = "0";
      playAmbient = "1";
      meshCulling = "0";
      originSort = "0";
      useInstanceRenderData = "0";
      instanceColor = "White";
      instanceColor1 = "White";
      instanceColor2 = "White";
      collisionType = "Collision Mesh";
      decalType = "Collision Mesh";
      prebuildCollisionData = "0";
      renderNormals = "0";
      forceDetail = "-1";
      position = "466.253815 1551.52429 139.013428";
      scale = "1 1 1";
      rotationMatrix = "-0.650294602 -0.759682238 -8.18545232e-10 0.759682059 -0.650294423 -0.000690533954 0.000524585776 -0.000449051033 0.999999762";
      isRenderEnabled = "false";
      canSave = "1";
      canSaveDynamicFields = "1";
      persistentId = "ba3169ce-a747-49d7-8be5-25600f85926e";
         mode = "Ignore";
   };
   new TSStatic() {
      shapeName = "/levels/italy/art/shapes/misc/concrete_road_barrier_a.dae";
      dynamic = "0";
      playAmbient = "1";
      meshCulling = "0";
      originSort = "0";
      useInstanceRenderData = "0";
      instanceColor = "White";
      instanceColor1 = "White";
      instanceColor2 = "White";
      collisionType = "Collision Mesh";
      decalType = "Collision Mesh";
      prebuildCollisionData = "0";
      renderNormals = "0";
      forceDetail = "-1";
      position = "460.011902 1544.78943 139.013428";
      scale = "1 1 1";
      rotationMatrix = "-0.702356339 -0.71182555 -8.91304808e-10 0.711825371 -0.70235616 -0.000690533663 0.000491538842 -0.000485001336 0.999999762";
      isRenderEnabled = "false";
      canSave = "1";
      canSaveDynamicFields = "1";
      persistentId = "96ab5f03-014e-42ee-a7e0-6184562cd9f2";
         mode = "Ignore";
   };
   new TSStatic() {
      shapeName = "/levels/italy/art/shapes/misc/concrete_road_barrier_a.dae";
      dynamic = "0";
      playAmbient = "1";
      meshCulling = "0";
      originSort = "0";
      useInstanceRenderData = "0";
      instanceColor = "White";
      instanceColor1 = "White";
      instanceColor2 = "White";
      collisionType = "Collision Mesh";
      decalType = "Collision Mesh";
      prebuildCollisionData = "0";
      renderNormals = "0";
      forceDetail = "-1";
      position = "462.144196 1546.92798 139.013428";
      scale = "1 1 1";
      rotationMatrix = "-0.702356339 -0.71182555 -8.91304808e-10 0.711825371 -0.70235616 -0.000690533663 0.000491538842 -0.000485001336 0.999999762";
      isRenderEnabled = "false";
      canSave = "1";
      canSaveDynamicFields = "1";
      persistentId = "217d5570-4fc7-4b3d-907d-12bc56cdf5b0";
         mode = "Ignore";
   };
   new TSStatic() {
      shapeName = "/levels/italy/art/shapes/misc/concrete_road_barrier_a.dae";
      dynamic = "0";
      playAmbient = "1";
      meshCulling = "0";
      originSort = "0";
      useInstanceRenderData = "0";
      instanceColor = "White";
      instanceColor1 = "White";
      instanceColor2 = "White";
      collisionType = "Collision Mesh";
      decalType = "Collision Mesh";
      prebuildCollisionData = "0";
      renderNormals = "0";
      forceDetail = "-1";
      position = "459.078461 1534.1936 139.013428";
      scale = "1 1 1";
      rotationMatrix = "-0.939135432 -0.343547404 -8.45830073e-10 0.343547285 -0.939135075 -0.000690532732 0.000237229906 -0.000648504007 0.999999762";
      isRenderEnabled = "false";
      canSave = "1";
      canSaveDynamicFields = "1";
      persistentId = "6b0c2ac4-9312-45d3-a6a8-d78868a88114";
         mode = "Ignore";
   };
   new TSStatic() {
      shapeName = "/levels/italy/art/shapes/misc/concrete_road_barrier_a.dae";
      dynamic = "0";
      playAmbient = "1";
      meshCulling = "0";
      originSort = "0";
      useInstanceRenderData = "0";
      instanceColor = "White";
      instanceColor1 = "White";
      instanceColor2 = "White";
      collisionType = "Collision Mesh";
      decalType = "Collision Mesh";
      prebuildCollisionData = "0";
      renderNormals = "0";
      forceDetail = "-1";
      position = "461.920044 1535.21692 139.013428";
      scale = "1 1 1";
      rotationMatrix = "-0.939135432 -0.343547404 -8.45830073e-10 0.343547285 -0.939135075 -0.000690532732 0.000237229906 -0.000648504007 0.999999762";
      isRenderEnabled = "false";
      canSave = "1";
      canSaveDynamicFields = "1";
      persistentId = "b8dea67b-a26c-4f00-8e6f-08681f404041";
         mode = "Ignore";
   };
   new TSStatic() {
      shapeName = "/levels/italy/art/shapes/misc/concrete_road_barrier_a.dae";
      dynamic = "0";
      playAmbient = "1";
      meshCulling = "0";
      originSort = "0";
      useInstanceRenderData = "0";
      instanceColor = "White";
      instanceColor1 = "White";
      instanceColor2 = "White";
      collisionType = "Collision Mesh";
      decalType = "Collision Mesh";
      prebuildCollisionData = "0";
      renderNormals = "0";
      forceDetail = "-1";
      position = "464.755829 1536.32336 139.013428";
      scale = "1 1 1";
      rotationMatrix = "-0.939135432 -0.343547404 -8.45830073e-10 0.343547285 -0.939135075 -0.000690532732 0.000237229906 -0.000648504007 0.999999762";
      isRenderEnabled = "false";
      canSave = "1";
      canSaveDynamicFields = "1";
      persistentId = "78d07e55-caac-48e0-885e-d21499653b1d";
         mode = "Ignore";
   };
   new TSStatic() {
      shapeName = "/levels/italy/art/shapes/misc/concrete_road_barrier_a.dae";
      dynamic = "0";
      playAmbient = "1";
      meshCulling = "0";
      originSort = "0";
      useInstanceRenderData = "0";
      instanceColor = "White";
      instanceColor1 = "White";
      instanceColor2 = "White";
      collisionType = "Collision Mesh";
      decalType = "Collision Mesh";
      prebuildCollisionData = "0";
      renderNormals = "0";
      forceDetail = "-1";
      position = "467.597412 1537.34668 139.013428";
      scale = "1 1 1";
      rotationMatrix = "-0.939135432 -0.343547404 -8.45830073e-10 0.343547285 -0.939135075 -0.000690532732 0.000237229906 -0.000648504007 0.999999762";
      isRenderEnabled = "false";
      canSave = "1";
      canSaveDynamicFields = "1";
      persistentId = "430f0e89-6473-4511-b178-8d21e1c38345";
         mode = "Ignore";
   };
   new TSStatic() {
