{"class":"BeamNGVehicle","persistentId":"06741f9b-b0a1-4fbb-8197-38ae0e3fdc24","__parent":"main_prefab","position":[543.379883,-725.872742,124.038269],"dataBlock":"default_vehicle","jbeam":"haybale","metallicPaintData":[[0.200000003,0.5,0.800000012,0],[0.200000003,0.5,0.800000012,0],[0.200000003,0.5,0.800000012,0],null],"partConfig":"vehicles/haybale/square.pc","rotationMatrix":[0.736753583,0.673974991,-0.0543299951,-0.675740242,0.736749172,-0.0239925776,0.02385718,0.0543895885,0.998234749]}
{"class":"BeamNGVehicle","persistentId":"0bbd0202-a2e3-463b-96bf-e0b0507f251a","__parent":"main_prefab","position":[552.681519,-730.578735,124.375618],"dataBlock":"default_vehicle","jbeam":"haybale","metallicPaintData":[[0.200000003,0.5,0.800000012,0],[0.200000003,0.5,0.800000012,0],[0.200000003,0.5,0.800000012,0],null],"partConfig":"vehicles/haybale/square.pc","rotationMatrix":[-0.0598670244,0.996726751,-0.0543299988,-0.997834563,-0.0612412691,-0.0239925832,-0.0272412896,0.0527759865,0.998234749]}
{"class":"BeamNGVehicle","persistentId":"13db273a-c655-4e30-8789-e9d2489eccc6","__parent":"main_prefab","position":[182.543304,-673.747681,126.101723],"dataBlock":"default_vehicle","jbeam":"haybale","metallicPaintData":[[0.200000003,0.5,0.800000012,0],[0.200000003,0.5,0.800000012,0],[0.200000003,0.5,0.800000012,0],null],"partConfig":"vehicles/haybale/square.pc","rotationMatrix":[0.714182794,0.69948107,-0.0258662291,-0.698307574,0.714548051,0.042278748,0.0480558537,-0.012132165,0.998770952]}
{"class":"BeamNGVehicle","persistentId":"16a24664-9987-4ace-a5df-d9337ca49fab","__parent":"main_prefab","position":[539.237183,-721.073914,123.80365],"dataBlock":"default_vehicle","jbeam":"haybale","metallicPaintData":[[0.200000003,0.5,0.800000012,0],[0.200000003,0.5,0.800000012,0],[0.200000003,0.5,0.800000012,0],null],"partConfig":"vehicles/haybale/square.pc","rotationMatrix":[0.736753583,0.673974991,-0.0543299951,-0.675740242,0.736749172,-0.0239925776,0.02385718,0.0543895885,0.998234749]}
{"class":"BeamNGVehicle","persistentId":"2521aa1b-84e7-4ad4-bc4c-88151bb28bf6","__parent":"main_prefab","position":[536.96167,-718.788696,123.617455],"dataBlock":"default_vehicle","jbeam":"haybale","metallicPaintData":[[0.200000003,0.5,0.800000012,0],[0.200000003,0.5,0.800000012,0],[0.200000003,0.5,0.800000012,0],null],"partConfig":"vehicles/haybale/square.pc","rotationMatrix":[0.736753583,0.673974991,-0.0543299951,-0.675740242,0.736749172,-0.0239925776,0.02385718,0.0543895885,0.998234749]}
{"class":"BeamNGVehicle","persistentId":"32ac9b88-e4b8-43c8-adfa-485dfacefc85","__parent":"main_prefab","position":[-102.690239,-776.99292,113.718552],"dataBlock":"default_vehicle","jbeam":"haybale","metallicPaintData":[[0.200000003,0.5,0.800000012,0],[0.200000003,0.5,0.800000012,0],[0.200000003,0.5,0.800000012,0],null],"partConfig":"vehicles/haybale/square.pc","rotationMatrix":[-0.639926553,-0.761039793,-0.106359109,0.767898142,-0.638501048,-0.0514641069,-0.0287441798,-0.114606217,0.992995083]}
{"class":"BeamNGVehicle","persistentId":"406356ac-d480-497d-bc32-6792d3d60251","__parent":"main_prefab","position":[179.151077,-668.397583,126.329933],"dataBlock":"default_vehicle","jbeam":"haybale","metallicPaintData":[[0.200000003,0.5,0.800000012,0],[0.200000003,0.5,0.800000012,0],[0.200000003,0.5,0.800000012,0],null],"partConfig":"vehicles/haybale/square.pc","rotationMatrix":[-0.76713562,-0.640823185,0.0291265901,0.639682233,-0.76759243,-0.0401023068,0.0480558425,-0.0121321492,0.998770952]}
{"class":"BeamNGVehicle","persistentId":"46456801-8e0d-4fcb-bcd3-28af4078bfe4","__parent":"main_prefab","position":[548.410217,-730.806702,124.359467],"dataBlock":"default_vehicle","jbeam":"haybale","metallicPaintData":[[0.200000003,0.5,0.800000012,0],[0.200000003,0.5,0.800000012,0],[0.200000003,0.5,0.800000012,0],null],"partConfig":"vehicles/haybale/square.pc","rotationMatrix":[0.645577073,0.761760116,-0.0543299988,-0.763510585,0.645349383,-0.0239925794,0.0167852473,0.0569705926,0.998234749]}
{"class":"BeamNGVehicle","persistentId":"4bd5d1c7-bc95-479c-b445-9a11223d0323","__parent":"main_prefab","position":[180.561432,-670.089844,126.241516],"dataBlock":"default_vehicle","jbeam":"haybale","metallicPaintData":[[0.200000003,0.5,0.800000012,0],[0.200000003,0.5,0.800000012,0],[0.200000003,0.5,0.800000012,0],null],"partConfig":"vehicles/haybale/square.pc","rotationMatrix":[-0.76713562,-0.640823185,0.0291265901,0.639682233,-0.76759243,-0.0401023068,0.0480558425,-0.0121321492,0.998770952]}
{"class":"BeamNGVehicle","persistentId":"4c5aba42-ec09-49fb-96d9-bd2e7cc2f470","__parent":"main_prefab","position":[527.178955,-709.617065,123.281738],"dataBlock":"default_vehicle","jbeam":"haybale","metallicPaintData":[[0.200000003,0.5,0.800000012,0],[0.200000003,0.5,0.800000012,0],[0.200000003,0.5,0.800000012,0],null],"partConfig":"vehicles/haybale/square.pc","rotationMatrix":[0.736753583,0.673974991,-0.0543299951,-0.675740242,0.736749172,-0.0239925776,0.02385718,0.0543895885,0.998234749]}
{"class":"BeamNGVehicle","persistentId":"5203999a-8a3e-4ff7-91e0-c92121703f88","__parent":"main_prefab","position":[240.356995,-635.90979,126.678444],"dataBlock":"default_vehicle","jbeam":"haybale","metallicPaintData":[[0.200000003,0.5,0.800000012,0],[0.200000003,0.5,0.800000012,0],[0.200000003,0.5,0.800000012,0],null],"partConfig":"vehicles/haybale/square.pc","rotationMatrix":[-0.931853056,-0.356385827,-0.068106465,0.361694813,-0.927283168,-0.0965521336,-0.0287441816,-0.114606187,0.992995083]}
{"class":"BeamNGVehicle","persistentId":"673e7c22-6947-41c0-88cd-a0dba6ae8a8a","__parent":"main_prefab","position":[-101.910568,-711.83429,112.774277],"dataBlock":"default_vehicle","jbeam":"haybale","metallicPaintData":[[0.200000003,0.5,0.800000012,0],[0.200000003,0.5,0.800000012,0],[0.200000003,0.5,0.800000012,0],null],"partConfig":"vehicles/haybale/square.pc","rotationMatrix":[0.986654282,0.123292506,-0.106359132,-0.107288614,0.983607769,0.144930601,0.122484528,-0.13158527,0.983708739]}
{"class":"BeamNGVehicle","persistentId":"690c92ac-569b-4dde-9f1a-dda38f3cacf4","__parent":"main_prefab","position":[212.770157,-647.507629,126.149635],"dataBlock":"default_vehicle","jbeam":"haybale","metallicPaintData":[[0.200000003,0.5,0.800000012,0],[0.200000003,0.5,0.800000012,0],[0.200000003,0.5,0.800000012,0],null],"partConfig":"vehicles/haybale/square.pc","rotationMatrix":[0.900354266,0.42855373,0.0755239055,-0.434207231,0.89621824,0.0908677578,-0.0287441816,-0.114606202,0.992995083]}
{"class":"BeamNGVehicle","persistentId":"6b37b435-e7a9-47da-a396-5acacdc85c39","__parent":"main_prefab","position":[535.03833,-716.912659,123.577736],"dataBlock":"default_vehicle","jbeam":"haybale","metallicPaintData":[[0.200000003,0.5,0.800000012,0],[0.200000003,0.5,0.800000012,0],[0.200000003,0.5,0.800000012,0],null],"partConfig":"vehicles/haybale/square.pc","rotationMatrix":[0.736753583,0.673974991,-0.0543299951,-0.675740242,0.736749172,-0.0239925776,0.02385718,0.0543895885,0.998234749]}
{"class":"BeamNGVehicle","persistentId":"70fc871d-0e1a-4275-a6e6-a7efa0dd5b89","__parent":"main_prefab","position":[-104.951042,-775.351746,113.636024],"dataBlock":"default_vehicle","jbeam":"haybale","metallicPaintData":[[0.200000003,0.5,0.800000012,0],[0.200000003,0.5,0.800000012,0],[0.200000003,0.5,0.800000012,0],null],"partConfig":"vehicles/haybale/square.pc","rotationMatrix":[0.900354266,0.42855373,0.0755239055,-0.434207231,0.89621824,0.0908677578,-0.0287441816,-0.114606202,0.992995083]}
{"class":"BeamNGVehicle","persistentId":"744bba62-d5e0-4038-8c7d-a9e9a5dad0bd","__parent":"main_prefab","position":[211.2603,-641.386841,126.812355],"dataBlock":"default_vehicle","jbeam":"haybale","metallicPaintData":[[0.200000003,0.5,0.800000012,0],[0.200000003,0.5,0.800000012,0],[0.200000003,0.5,0.800000012,0],null],"partConfig":"vehicles/haybale/square.pc","rotationMatrix":[-0.931853056,-0.356385827,-0.068106465,0.361694813,-0.927283168,-0.0965521336,-0.0287441816,-0.114606187,0.992995083]}
{"class":"BeamNGVehicle","persistentId":"7f8b0287-ef4a-4acb-a461-92b497561806","__parent":"main_prefab","position":[545.895142,-728.629944,124.220207],"dataBlock":"default_vehicle","jbeam":"haybale","metallicPaintData":[[0.200000003,0.5,0.800000012,0],[0.200000003,0.5,0.800000012,0],[0.200000003,0.5,0.800000012,0],null],"partConfig":"vehicles/haybale/square.pc","rotationMatrix":[0.736753583,0.673974991,-0.0543299951,-0.675740242,0.736749172,-0.0239925776,0.02385718,0.0543895885,0.998234749]}
{"class":"BeamNGVehicle","persistentId":"839bb757-67f0-4052-89f9-f43d5fa90497","__parent":"main_prefab","position":[239.55954,-633.865356,126.891319],"dataBlock":"default_vehicle","jbeam":"haybale","metallicPaintData":[[0.200000003,0.5,0.800000012,0],[0.200000003,0.5,0.800000012,0],[0.200000003,0.5,0.800000012,0],null],"partConfig":"vehicles/haybale/square.pc","rotationMatrix":[-0.931853056,-0.356385827,-0.068106465,0.361694813,-0.927283168,-0.0965521336,-0.0287441816,-0.114606187,0.992995083]}
{"class":"BeamNGVehicle","persistentId":"94485fa4-84b2-4fad-ab75-c78c1a559acc","__parent":"main_prefab","position":[529.802429,-711.880066,123.362534],"dataBlock":"default_vehicle","jbeam":"haybale","metallicPaintData":[[0.200000003,0.5,0.800000012,0],[0.200000003,0.5,0.800000012,0],[0.200000003,0.5,0.800000012,0],null],"partConfig":"vehicles/haybale/square.pc","rotationMatrix":[0.736753583,0.673974991,-0.0543299951,-0.675740242,0.736749172,-0.0239925776,0.02385718,0.0543895885,0.998234749]}
{"class":"BeamNGVehicle","persistentId":"c95b0c78-fc93-4f39-b432-2fb6935d507f","__parent":"main_prefab","position":[212.057755,-643.431274,126.59948],"dataBlock":"default_vehicle","jbeam":"haybale","metallicPaintData":[[0.200000003,0.5,0.800000012,0],[0.200000003,0.5,0.800000012,0],[0.200000003,0.5,0.800000012,0],null],"partConfig":"vehicles/haybale/square.pc","rotationMatrix":[-0.931853056,-0.356385827,-0.068106465,0.361694813,-0.927283168,-0.0965521336,-0.0287441816,-0.114606187,0.992995083]}
{"class":"BeamNGVehicle","persistentId":"ca7d399a-8225-4941-8f0d-a6e8c3e421b7","__parent":"main_prefab","position":[541.16803,-723.261658,123.911896],"dataBlock":"default_vehicle","jbeam":"haybale","metallicPaintData":[[0.200000003,0.5,0.800000012,0],[0.200000003,0.5,0.800000012,0],[0.200000003,0.5,0.800000012,0],null],"partConfig":"vehicles/haybale/square.pc","rotationMatrix":[0.736753583,0.673974991,-0.0543299951,-0.675740242,0.736749172,-0.0239925776,0.02385718,0.0543895885,0.998234749]}
{"class":"BeamNGVehicle","persistentId":"cc0d7a29-86b1-40ce-9e69-b9f367d1b15f","__parent":"main_prefab","position":[-101.380974,-717.026428,112.627556],"dataBlock":"default_vehicle","jbeam":"haybale","metallicPaintData":[[0.200000003,0.5,0.800000012,0],[0.200000003,0.5,0.800000012,0],[0.200000003,0.5,0.800000012,0],null],"partConfig":"vehicles/haybale/square.pc","rotationMatrix":[0.986654282,0.123292506,-0.106359132,-0.107288614,0.983607769,0.144930601,0.122484528,-0.13158527,0.983708739]}
{"class":"BeamNGVehicle","persistentId":"cd5102a5-d686-4e87-a6c5-78a87aad082d","__parent":"main_prefab","position":[-101.398308,-719.495972,112.472054],"dataBlock":"default_vehicle","jbeam":"haybale","metallicPaintData":[[0.200000003,0.5,0.800000012,0],[0.200000003,0.5,0.800000012,0],[0.200000003,0.5,0.800000012,0],null],"partConfig":"vehicles/haybale/square.pc","rotationMatrix":[0.984508455,-0.166707322,-0.0543299876,0.165618584,0.985897958,-0.0239925757,0.0575635619,0.0146228373,0.998234749]}
{"class":"BeamNGVehicle","persistentId":"d4d70be1-03ff-4415-8e14-ab08b6bec97a","__parent":"main_prefab","position":[532.061279,-714.147583,123.410873],"dataBlock":"default_vehicle","jbeam":"haybale","metallicPaintData":[[0.200000003,0.5,0.800000012,0],[0.200000003,0.5,0.800000012,0],[0.200000003,0.5,0.800000012,0],null],"partConfig":"vehicles/haybale/square.pc","rotationMatrix":[0.736753583,0.673974991,-0.0543299951,-0.675740242,0.736749172,-0.0239925776,0.02385718,0.0543895885,0.998234749]}
{"class":"BeamNGVehicle","persistentId":"e06c59d8-073b-440a-ad7a-a35a31d6d642","__parent":"main_prefab","position":[241.069397,-639.986145,126.2286],"dataBlock":"default_vehicle","jbeam":"haybale","metallicPaintData":[[0.200000003,0.5,0.800000012,0],[0.200000003,0.5,0.800000012,0],[0.200000003,0.5,0.800000012,0],null],"partConfig":"vehicles/haybale/square.pc","rotationMatrix":[0.900354266,0.42855373,0.0755239055,-0.434207231,0.89621824,0.0908677578,-0.0287441816,-0.114606202,0.992995083]}
{"class":"BeamNGVehicle","persistentId":"e327f7da-4b7d-4db0-ba65-fe4cecbcdec5","__parent":"main_prefab","position":[-100.615044,-712.818604,112.860703],"dataBlock":"default_vehicle","jbeam":"haybale","metallicPaintData":[[0.200000003,0.5,0.800000012,0],[0.200000003,0.5,0.800000012,0],[0.200000003,0.5,0.800000012,0],null],"partConfig":"vehicles/haybale/square.pc","rotationMatrix":[-0.990504026,0.0871167183,-0.106359124,-0.10212101,-0.984157681,0.144930571,-0.0920482725,0.154415816,0.983708739]}
{"name":"main_prefab","class":"SimGroup","persistentId":"daec14ad-61ec-4338-98b0-e92a87cdef0b","groupPosition":"0 0 0"}
{"class":"TSStatic","persistentId":"02de1b51-ceab-4be4-9398-dfd704f3d692","__parent":"main_prefab","position":[489.402344,-684.735596,122.178459],"isRenderEnabled":false,"rotationMatrix":[0.305427015,-0.951259732,0.042652186,0.952138901,0.305664003,-0.00101048313,-0.0120760025,0.040919438,0.999089479],"shapeName":"/art/shapes/objects/constructionbarrier_arrows.dae","useInstanceRenderData":true}
{"class":"TSStatic","persistentId":"03156553-bbaf-43c4-96fd-ea8d8d1e83f5","__parent":"main_prefab","position":[-370.597473,-601.668335,127.946304],"isRenderEnabled":false,"rotationMatrix":[-0.599523187,0.799906611,-0.0268597845,-0.800111532,-0.598169446,0.0448886566,0.0198400337,0.0484026112,0.998630822],"shapeName":"/art/shapes/objects/constructionbarrier_arrows.dae","useInstanceRenderData":true}
{"class":"TSStatic","persistentId":"0600e61a-78b3-4422-bffb-3186be6d6046","__parent":"main_prefab","position":[-333.8591,-713.476135,107.215225],"isRenderEnabled":false,"rotationMatrix":[0.391861379,-0.919613063,-0.0275049172,0.918313324,0.392780185,-0.0492380038,0.0560832955,-0.00596365891,0.998408258],"shapeName":"/art/shapes/objects/constructionbarrier_arrows.dae","useInstanceRenderData":true}
{"class":"TSStatic","persistentId":"13d7f7ed-6d27-4b20-bb02-5e8e0f084033","__parent":"main_prefab","position":[-430.848694,-704.828735,106.492432],"isRenderEnabled":false,"rotationMatrix":[-0.215256691,-0.975769043,-0.039236784,0.976540089,-0.214838862,-0.0146229966,0.00583908334,-0.041463986,0.999122918],"shapeName":"/art/shapes/objects/constructionbarrier_arrows.dae","useInstanceRenderData":true}
{"class":"TSStatic","persistentId":"15a8f78e-1f0e-43da-8015-84fb7cfab34a","__parent":"main_prefab","position":[183.527451,-868.765198,115.384003],"isRenderEnabled":false,"rotationMatrix":[0.121069372,-0.985739768,0.11687319,0.992555797,0.121786892,-0.0010089837,-0.0132390298,0.116125315,0.99314636],"shapeName":"/art/shapes/objects/constructionbarrier_arrows.dae","useInstanceRenderData":true}
{"class":"TSStatic","persistentId":"17936838-a022-4cb2-9933-dedd40b0c471","__parent":"main_prefab","position":[-345.470551,-720.205261,107.200974],"isRenderEnabled":false,"rotationMatrix":[-0.759648919,0.65011555,-0.0168140158,-0.649724782,-0.759802699,-0.0236007944,-0.0281185843,-0.00700384192,0.999580085],"shapeName":"/art/shapes/objects/arrowboard_L.dae","useInstanceRenderData":true}
{"class":"TSStatic","persistentId":"1ad855c9-e9bc-4076-a39c-0a174319c39f","__parent":"main_prefab","position":[-436.62561,-703.482117,106.735992],"isRenderEnabled":false,"rotationMatrix":[-0.247039795,-0.966396391,-0.071058318,0.968722522,-0.244531274,-0.0422023721,0.0234082323,-0.0792614669,0.996578991],"shapeName":"/art/shapes/objects/constructionbarrier_arrows.dae","useInstanceRenderData":true}
{"class":"TSStatic","persistentId":"1bf879a6-f19c-44df-8eed-3532e341d6a7","__parent":"main_prefab","position":[41.7562523,-757.074524,129.741302],"isRenderEnabled":false,"rotationMatrix":[0.885622561,0.464345157,0.00750184897,-0.464386523,0.885323346,0.0234027635,0.00422539935,-0.0242097732,0.999697983],"shapeName":"/art/shapes/objects/arrowboard_R.dae","useInstanceRenderData":true}
{"class":"TSStatic","persistentId":"1db76f50-08d0-4979-b25c-884270d4d95f","__parent":"main_prefab","position":[-343.414917,-717.563049,107.325958],"isRenderEnabled":false,"rotationMatrix":[0.39281565,-0.919314206,0.0236052815,0.919380605,0.393167436,0.0125949727,-0.0208595637,0.0167547371,0.999642015],"shapeName":"/art/shapes/objects/constructionbarrier_arrows.dae","useInstanceRenderData":true}
{"class":"TSStatic","persistentId":"1fd4c4c4-c10a-4075-a4a4-2c7f02968341","__parent":"main_prefab","position":[177.634857,-869.488098,115.384094],"isRenderEnabled":false,"rotationMatrix":[0.121239722,-0.99235642,0.0230147559,0.992313981,0.121748149,0.0221463181,-0.024779046,0.0201528482,0.999489784],"shapeName":"/art/shapes/objects/constructionbarrier_arrows.dae","useInstanceRenderData":true}
{"class":"TSStatic","persistentId":"20790cc4-8286-4f54-9052-b02b9e460815","__parent":"main_prefab","position":[-377.194366,-608.973877,128.077255],"isRenderEnabled":false,"rotationMatrix":[-0.804932475,0.585577607,0.0958250165,-0.592562556,-0.80169332,-0.0784682259,0.0308730453,-0.119943954,0.99230051],"shapeName":"/art/shapes/objects/constructionbarrier_arrows.dae","useInstanceRenderData":true}
{"class":"TSStatic","persistentId":"21aafcb1-b0bf-47dc-9303-9580021f4a08","__parent":"main_prefab","position":[501.706787,-819.37677,138.429718],"isRenderEnabled":false,"rotationMatrix":[-0.979836941,-0.199779257,0.00270320824,0.199705794,-0.97970736,-0.0170471482,0.00605402049,-0.0161635838,0.999851048],"shapeName":"/art/shapes/objects/arrowboard_L.dae","useInstanceRenderData":true}
{"class":"TSStatic","persistentId":"22a7c3a8-fe1e-4853-8449-876989ad80e4","__parent":"main_prefab","position":[405.425629,-583.527405,126.187416],"isRenderEnabled":false,"rotationMatrix":[0.391308427,0.920080781,-0.0181378722,-0.919650555,0.390256584,-0.0440759361,-0.0334749967,0.0339277908,0.998863518],"shapeName":"/art/shapes/objects/constructionbarrier_arrows.dae","useInstanceRenderData":true}
{"class":"TSStatic","persistentId":"2616b2c9-83cf-4009-89af-ad523e0cfe40","__parent":"main_prefab","position":[493.312561,-684.389832,122.310272],"isRenderEnabled":false,"rotationMatrix":[-0.0599716902,-0.998199999,-0.000431098044,0.997167051,-0.0599292517,0.0454583615,-0.0454023704,0.00229633972,0.998966157],"shapeName":"/art/shapes/objects/constructionbarrier_arrows.dae","useInstanceRenderData":true}
{"class":"TSStatic","persistentId":"26fe0e8d-2ac3-4d1c-848d-784025d203a7","__parent":"main_prefab","position":[165.85141,-870.933655,115.196823],"isRenderEnabled":false,"rotationMatrix":[0.121840298,-0.992491126,0.0107868621,0.99249661,0.121714175,-0.0116658369,0.0102653252,0.0121272942,0.999873757],"shapeName":"/art/shapes/objects/constructionbarrier_arrows.dae","useInstanceRenderData":true}
{"class":"TSStatic","persistentId":"282bd363-fe84-4ca3-94ea-1b2d8fadf3ce","__parent":"main_prefab","position":[-368.930695,-600.606384,127.881264],"isRenderEnabled":false,"rotationMatrix":[-0.471379638,0.881836116,-0.0128979832,-0.881898224,-0.471186876,0.0154459123,0.00754340319,0.0186555963,0.999797523],"shapeName":"/art/shapes/objects/constructionbarrier_arrows.dae","useInstanceRenderData":true}
{"class":"TSStatic","persistentId":"31577597-af28-41f9-9de5-aff0464cdbbf","__parent":"main_prefab","position":[-359.338806,-598.609558,127.779617],"isRenderEnabled":false,"rotationMatrix":[-0.0110309124,0.999260128,-0.0368464738,-0.999634326,-0.0119298697,-0.0242683385,-0.0246899519,0.0365652964,0.999026239],"shapeName":"/art/shapes/objects/constructionbarrier_arrows.dae","useInstanceRenderData":true}
{"class":"TSStatic","persistentId":"34e36a76-6898-4a4f-8dde-87150d13361e","__parent":"main_prefab","position":[546.529968,-672.076782,123.1138],"isRenderEnabled":false,"rotationMatrix":[0.92806828,0.372094661,-0.0153232105,-0.372365862,0.927806199,-0.0227878466,0.00573773449,0.0268545188,0.999622881],"shapeName":"/art/shapes/objects/constructionbarrier_arrows.dae","useInstanceRenderData":true}
{"class":"TSStatic","persistentId":"35df153c-f32f-488c-b136-5a51ea251c76","__parent":"main_prefab","position":[181.563217,-869.006165,115.38768],"isRenderEnabled":false,"rotationMatrix":[0.121564746,-0.989379048,0.0796931237,0.992558837,0.1217345,-0.0027432777,-0.00698725507,0.0794336051,0.996815681],"shapeName":"/art/shapes/objects/constructionbarrier_arrows.dae","useInstanceRenderData":true}
{"class":"TSStatic","persistentId":"36b187ad-6ae6-45e0-916c-728115101ed1","__parent":"main_prefab","position":[487.574341,-685.487366,122.180367],"isRenderEnabled":false,"rotationMatrix":[0.428659678,-0.900472224,0.0734898299,0.903244555,0.42533344,-0.0569276586,0.0200040936,0.090781875,0.995669842],"shapeName":"/art/shapes/objects/constructionbarrier_arrows.dae","useInstanceRenderData":true}
{"class":"TSStatic","persistentId":"39e7801d-2034-45f5-bc44-a8981e222a01","__parent":"main_prefab","position":[-351.429688,-598.789001,127.669388],"isRenderEnabled":false,"rotationMatrix":[0.0434342623,0.99905014,-0.00351269357,-0.997989297,0.0435500741,0.046052292,0.046161525,0.00150538236,0.998932838],"shapeName":"/art/shapes/objects/constructionbarrier_arrows.dae","useInstanceRenderData":true}
{"class":"TSStatic","persistentId":"3ca6b684-c6f1-420b-9b02-40b337931e18","__parent":"main_prefab","position":[-349.455353,-598.883118,127.557831],"isRenderEnabled":false,"rotationMatrix":[0.0470175743,0.998750329,-0.0169441886,-0.997484326,0.047845304,0.0523043871,0.0530497245,0.0144423395,0.998487413],"shapeName":"/art/shapes/objects/constructionbarrier_arrows.dae","useInstanceRenderData":true}
{"class":"TSStatic","persistentId":"3dda0bc0-4205-44b3-b730-88df1db8adab","__parent":"main_prefab","position":[553.165161,-684.220825,123.284073],"isRenderEnabled":false,"rotationMatrix":[0.705089033,0.707152665,-0.052768521,-0.707724631,0.706415653,0.0101353778,0.0444437712,0.0301992409,0.998555362],"shapeName":"/art/shapes/objects/constructionbarrier_arrows.dae","useInstanceRenderData":true}
{"class":"TSStatic","persistentId":"4232c554-9a90-41df-9e84-e2e4159203ac","__parent":"main_prefab","position":[-339.592041,-715.92804,107.327728],"isRenderEnabled":false,"rotationMatrix":[0.393191934,-0.919445872,-0.00440277904,0.919413567,0.393215358,-0.00777131692,0.00887654535,-0.000992355868,0.999960124],"shapeName":"/art/shapes/objects/constructionbarrier_arrows.dae","useInstanceRenderData":true}
{"class":"TSStatic","persistentId":"4249c3e2-4d69-444f-bd82-86fbb35a50d6","__parent":"main_prefab","position":[-367.129761,-599.79303,127.840294],"isRenderEnabled":false,"rotationMatrix":[-0.353747487,0.93499583,0.0254095588,-0.934811175,-0.354330778,0.0240363963,0.0314773172,-0.0152503261,0.999388099],"shapeName":"/art/shapes/objects/constructionbarrier_arrows.dae","useInstanceRenderData":true}
{"class":"TSStatic","persistentId":"45c97a27-6ce2-4e92-9fc1-a9f3bb6c3109","__parent":"main_prefab","position":[88.9562149,-756.066406,129.539886],"isRenderEnabled":false,"rotationMatrix":[0.63426137,0.773118615,0,-0.771852255,0.633222461,0.0572133102,0.0442326814,-0.0362881906,0.998362005],"shapeName":"/art/shapes/objects/arrowboard_R.dae","useInstanceRenderData":true}
{"class":"TSStatic","persistentId":"4ba73404-c196-475f-bd27-ba0c41b55718","__parent":"main_prefab","position":[423.598328,-591.238708,127.516724],"isRenderEnabled":false,"rotationMatrix":[0.35760498,0.904364049,0.232904285,-0.915697038,0.388530076,-0.102680892,-0.183351249,-0.176550537,0.967063725],"shapeName":"/art/shapes/objects/constructionbarrier_arrows.dae","useInstanceRenderData":true}
{"class":"TSStatic","persistentId":"4ea2c192-8ff2-479f-a68f-9f4cf30a6e4c","__parent":"main_prefab","position":[-442.178894,-701.44104,107.041367],"isRenderEnabled":false,"rotationMatrix":[-0.43220377,-0.899379969,-0.0656933337,0.90148139,-0.42905283,-0.0569651872,0.0230474379,-0.0838418901,0.996212482],"shapeName":"/art/shapes/objects/constructionbarrier_arrows.dae","useInstanceRenderData":true}
{"class":"TSStatic","persistentId":"55ea156f-7d2c-4068-9173-1582e29f9f05","__parent":"main_prefab","position":[497.246246,-684.800354,122.444366],"isRenderEnabled":false,"rotationMatrix":[-0.124455333,-0.9918769,0.0262874477,0.992090046,-0.123957396,0.0197971128,-0.0163777731,0.0285433717,0.999458373],"shapeName":"/art/shapes/objects/constructionbarrier_arrows.dae","useInstanceRenderData":true}
{"class":"TSStatic","persistentId":"58f02765-4e19-4a0f-b1d3-d44cb3f9ef0b","__parent":"main_prefab","position":[-95.4377594,-788.15271,113.330292],"isRenderEnabled":false,"rotationMatrix":[-0.723029137,-0.690443635,-0.0227208622,0.690566301,-0.723262072,0.00317553384,-0.0186256655,-0.0133942571,0.999736786],"shapeName":"/art/shapes/objects/constructionbarrier_arrows.dae","useInstanceRenderData":true}
{"class":"TSStatic","persistentId":"5d1b65bf-50c6-4534-893c-5e9aaeb9e842","__parent":"main_prefab","position":[-94.0711975,-789.584045,113.340469],"isRenderEnabled":false,"rotationMatrix":[-0.723366499,-0.690054774,-0.0237746369,0.690400958,-0.723337412,-0.0113796219,-0.00934452005,-0.0246456712,0.999652565],"shapeName":"/art/shapes/objects/constructionbarrier_arrows.dae","useInstanceRenderData":true}
{"class":"TSStatic","persistentId":"6595a087-9bc7-4fbb-8b64-9b6c0cacaedd","__parent":"main_prefab","position":[-347.479736,-598.9729,127.522469],"isRenderEnabled":false,"rotationMatrix":[0.0431249142,0.997390687,0.057897903,-0.999069273,0.0431084037,0.00153484195,-0.000965053216,-0.0579102002,0.998321354],"shapeName":"/art/shapes/objects/constructionbarrier_arrows.dae","useInstanceRenderData":true}
{"class":"TSStatic","persistentId":"668c88f4-f19b-41a4-a500-aa3441b53880","__parent":"main_prefab","position":[551.766602,-682.825012,123.381088],"isRenderEnabled":false,"rotationMatrix":[0.706279993,0.707903266,-0.00643646158,-0.707349062,0.70603776,0.034175016,0.0287369918,-0.0195843037,0.999395132],"shapeName":"/art/shapes/objects/constructionbarrier_arrows.dae","useInstanceRenderData":true}
{"class":"TSStatic","persistentId":"6c1c9f1e-dddd-4dd2-af82-2ae0460c8c1e","__parent":"main_prefab","position":[-363.280273,-598.911865,127.727417],"isRenderEnabled":false,"rotationMatrix":[-0.135717392,0.988768041,0.0625981838,-0.989743054,-0.138153434,0.0363642722,0.0446039811,-0.0570208505,0.997376084],"shapeName":"/art/shapes/objects/constructionbarrier_arrows.dae","useInstanceRenderData":true}
{"class":"TSStatic","persistentId":"6f73eeba-02c4-4b19-8924-77c1071dc77e","__parent":"main_prefab","position":[421.782135,-590.468018,127.395058],"isRenderEnabled":false,"rotationMatrix":[0.378496587,0.916396201,0.1302239,-0.918071091,0.389594018,-0.0732250959,-0.117837653,-0.0918393582,0.988776922],"shapeName":"/art/shapes/objects/constructionbarrier_arrows.dae","useInstanceRenderData":true}
{"class":"TSStatic","persistentId":"7367138f-97b4-4224-92bd-4b31f5a6639c","__parent":"main_prefab","position":[-347.233398,-719.196106,107.137924],"isRenderEnabled":false,"rotationMatrix":[0.390737057,-0.919287562,0.0472743958,0.918462276,0.392773926,0.0464291275,-0.0612498745,0.0252781659,0.997802317],"shapeName":"/art/shapes/objects/constructionbarrier_arrows.dae","useInstanceRenderData":true}
{"class":"TSStatic","persistentId":"7779f9ce-3fb2-4baf-91c6-ec88c584f236","__parent":"main_prefab","position":[-107.063057,-787.97522,114.256378],"isRenderEnabled":false,"rotationMatrix":[0.0686426163,0.997641265,0,-0.997641265,0.0686426163,0,0,0,1],"shapeName":"/art/shapes/objects/arrowboard_L.dae","useInstanceRenderData":true}
{"class":"TSStatic","persistentId":"79628f31-d811-4c8d-81b3-6a38f8fd44c6","__parent":"main_prefab","position":[169.779236,-870.451782,115.254295],"isRenderEnabled":false,"rotationMatrix":[0.120956957,-0.991859853,0.0397928096,0.992386043,0.1217646,0.0185316168,-0.0232261233,0.0372482985,0.999036074],"shapeName":"/art/shapes/objects/constructionbarrier_arrows.dae","useInstanceRenderData":true}
{"class":"TSStatic","persistentId":"796e8578-5659-4c5d-a4a8-65c14c6c000a","__parent":"main_prefab","position":[423.537445,-588.350647,127.441589],"isRenderEnabled":false,"rotationMatrix":[0.273760736,-0.959202051,0.0706138313,0.958216548,0.278335094,0.0659573078,-0.0829207003,0.0496068373,0.995320737],"shapeName":"/art/shapes/objects/arrowboard_L.dae","useInstanceRenderData":true}
{"class":"TSStatic","persistentId":"7dfa2d9c-77a9-4106-8d63-3dd524ec67fc","__parent":"main_prefab","position":[-376.00647,-607.399048,128.218018],"isRenderEnabled":false,"rotationMatrix":[-0.790332913,0.608439684,0.0719367862,-0.609634399,-0.792655826,0.00652033463,0.060988348,-0.0387019105,0.997387886],"shapeName":"/art/shapes/objects/constructionbarrier_arrows.dae","useInstanceRenderData":true}
{"class":"TSStatic","persistentId":"7f3c5847-1b85-4e6a-b04c-e43fa199e5e8","__parent":"main_prefab","position":[499.210052,-685.037109,122.498024],"isRenderEnabled":false,"rotationMatrix":[-0.104155421,-0.994092941,0.0305103306,0.994124889,-0.103152275,0.0327916034,-0.0294506904,0.0337464996,0.998996437],"shapeName":"/art/shapes/objects/constructionbarrier_arrows.dae","useInstanceRenderData":true}
{"class":"TSStatic","persistentId":"816a2d7c-d106-490d-a862-163130b4e2b0","__parent":"main_prefab","position":[-373.501434,-604.338135,128.113953],"isRenderEnabled":false,"rotationMatrix":[-0.741637826,0.670798898,0.00151327997,-0.670290589,-0.741159916,0.0373178236,0.0261543375,0.026661966,0.999302328],"shapeName":"/art/shapes/objects/constructionbarrier_arrows.dae","useInstanceRenderData":true}
{"class":"TSStatic","persistentId":"8b448f81-2d6e-4b91-b4c2-a5c9a75f3d61","__parent":"main_prefab","position":[547.266663,-673.912476,123.171707],"isRenderEnabled":false,"rotationMatrix":[0.928142309,0.371725768,-0.0192815121,-0.372195691,0.92747736,-0.0354409628,0.00470884703,0.0400707535,0.999185741],"shapeName":"/art/shapes/objects/constructionbarrier_arrows.dae","useInstanceRenderData":true}
{"class":"TSStatic","persistentId":"8b9ee07e-11fa-4277-be9d-0d602a84451c","__parent":"main_prefab","position":[-96.8042831,-786.721313,113.338379],"isRenderEnabled":false,"rotationMatrix":[-0.723256826,-0.690369844,-0.0170052759,0.69054687,-0.723241925,-0.00813707523,-0.00668133749,-0.0176281352,0.999822259],"shapeName":"/art/shapes/objects/constructionbarrier_arrows.dae","useInstanceRenderData":true}
{"class":"TSStatic","persistentId":"8ea313d1-42a4-4f91-a0f1-8064324d323f","__parent":"main_prefab","position":[-365.226929,-599.257935,127.797546],"isRenderEnabled":false,"rotationMatrix":[-0.199993968,0.979725599,0.0118397148,-0.979786754,-0.20003283,0.00217608083,0.00450029317,-0.0111651924,0.999927521],"shapeName":"/art/shapes/objects/constructionbarrier_arrows.dae","useInstanceRenderData":true}
{"class":"TSStatic","persistentId":"8ebff952-850e-4704-b195-ad679da77d0f","__parent":"main_prefab","position":[-431.63028,-709.963989,106.347557],"isRenderEnabled":false,"rotationMatrix":[-0.157863975,0.987460792,-4.65661287e-10,-0.98740083,-0.157854319,-0.0110166343,-0.0108784959,-0.00173913036,0.999939322],"shapeName":"/art/shapes/objects/arrowboard_L.dae","useInstanceRenderData":true}
{"class":"TSStatic","persistentId":"8ed2c224-0e6a-4c34-82ed-78217af5e626","__parent":"main_prefab","position":[410.883606,-585.843445,126.491974],"isRenderEnabled":false,"rotationMatrix":[0.391605079,0.919929326,-0.0193761252,-0.918981016,0.389974296,-0.0582578629,-0.0460369252,0.0406203642,0.998113513],"shapeName":"/art/shapes/objects/constructionbarrier_arrows.dae","useInstanceRenderData":true}
{"class":"TSStatic","persistentId":"9115dd3f-4a5a-41c2-a814-1f4ba4981225","__parent":"main_prefab","position":[-337.680634,-715.110596,107.314728],"isRenderEnabled":false,"rotationMatrix":[0.393027186,-0.919277132,-0.0214268807,0.919410169,0.393241763,-0.00676693767,0.0146466363,-0.0170405023,0.999747515],"shapeName":"/art/shapes/objects/constructionbarrier_arrows.dae","useInstanceRenderData":true}
{"class":"TSStatic","persistentId":"9185054a-1f3d-432a-b359-ad59204b54d1","__parent":"main_prefab","position":[-341.50351,-716.745605,107.341156],"isRenderEnabled":false,"rotationMatrix":[0.393248141,-0.919316173,0.014619749,0.919427633,0.393247366,-0.00304611865,-0.00294883223,0.0146396821,0.99988848],"shapeName":"/art/shapes/objects/constructionbarrier_arrows.dae","useInstanceRenderData":true}
{"class":"TSStatic","persistentId":"9536fd5d-6c91-4af5-86d0-9cfce31711be","__parent":"main_prefab","position":[550.367065,-681.42804,123.427933],"isRenderEnabled":false,"rotationMatrix":[0.706507564,0.707697988,-0.00324685033,-0.707355142,0.70600605,-0.0347007252,-0.0222653374,0.0268130004,0.99939245],"shapeName":"/art/shapes/objects/constructionbarrier_arrows.dae","useInstanceRenderData":true}
{"class":"TSStatic","persistentId":"98fb1569-b958-44c0-aaa0-9745e47587c0","__parent":"main_prefab","position":[548.002991,-675.746948,123.267395],"isRenderEnabled":false,"rotationMatrix":[0.928089976,0.372264862,-0.00824037567,-0.372328758,0.927526653,-0.0326442085,-0.00450912304,0.0333648883,0.999433041],"shapeName":"/art/shapes/objects/constructionbarrier_arrows.dae","useInstanceRenderData":true}
{"class":"TSStatic","persistentId":"9967eccf-68f3-4f3d-a28d-c76d7acf88ce","__parent":"main_prefab","position":[-438.525757,-702.938293,106.830025],"isRenderEnabled":false,"rotationMatrix":[-0.320053577,-0.943967938,-0.0805624872,0.947317123,-0.317745328,-0.0403522961,0.0124929212,-0.0892331153,0.9959324],"shapeName":"/art/shapes/objects/constructionbarrier_arrows.dae","useInstanceRenderData":true}
{"class":"TSStatic","persistentId":"9f0f92b5-fb03-4f3c-a5b4-057fca46a086","__parent":"main_prefab","position":[167.815552,-870.692688,115.197433],"isRenderEnabled":false,"rotationMatrix":[0.121319592,-0.992486417,0.0158846173,0.992245376,0.121694863,0.0252904445,-0.0270334985,0.0126932105,0.999553919],"shapeName":"/art/shapes/objects/constructionbarrier_arrows.dae","useInstanceRenderData":true}
{"class":"TSStatic","persistentId":"a1a5f63c-e702-4af1-aa2c-2d5631de2bfb","__parent":"main_prefab","position":[-380.987152,-602.784424,128.22937],"isRenderEnabled":false,"rotationMatrix":[0.999565482,-0.00138312613,-0.0294444319,1.16415322e-10,0.998898566,-0.0469223745,0.0294768978,0.0469019823,0.998464465],"shapeName":"/art/shapes/objects/arrowboard_L.dae","useInstanceRenderData":true}
{"class":"TSStatic","persistentId":"a1c4069f-80c6-4a96-86b7-68028dee8d73","__parent":"main_prefab","position":[-426.985077,-705.675903,106.372467],"isRenderEnabled":false,"rotationMatrix":[-0.216165423,-0.976032317,-0.0251683518,0.975577176,-0.214891195,-0.045506902,0.0390077457,-0.0343906879,0.998646915],"shapeName":"/art/shapes/objects/constructionbarrier_arrows.dae","useInstanceRenderData":true}
{"class":"TSStatic","persistentId":"a4817694-1208-4f34-b8a0-ff1310defd07","__parent":"main_prefab","position":[419.967316,-589.697937,127.222763],"isRenderEnabled":false,"rotationMatrix":[0.390324235,0.920670033,0.00368317217,-0.917056799,0.389140606,-0.0870420635,-0.0815702975,0.0305969473,0.99619782],"shapeName":"/art/shapes/objects/constructionbarrier_arrows.dae","useInstanceRenderData":true}
{"class":"TSStatic","persistentId":"a6a252e6-7888-4e49-9722-da9addf9b7b0","__parent":"main_prefab","position":[179.598969,-869.247131,115.397385],"isRenderEnabled":false,"rotationMatrix":[0.121558309,-0.991268158,0.0510979444,0.99255538,0.121786296,0.0013603922,-0.00757154264,0.0505521744,0.998692691],"shapeName":"/art/shapes/objects/constructionbarrier_arrows.dae","useInstanceRenderData":true}
{"class":"TSStatic","persistentId":"a96fa72f-55e5-4af2-b185-0525f56d94ab","__parent":"main_prefab","position":[544.320557,-666.571594,122.872749],"isRenderEnabled":false,"rotationMatrix":[0.928152263,0.37172994,-0.0187145136,-0.372192889,0.927285492,-0.0401755497,0.00241923984,0.0442544371,0.999017358],"shapeName":"/art/shapes/objects/constructionbarrier_arrows.dae","useInstanceRenderData":true}
{"class":"TSStatic","persistentId":"ab275258-cb05-479f-b216-76c83ec54ff2","__parent":"main_prefab","position":[412.701324,-586.614746,126.620453],"isRenderEnabled":false,"rotationMatrix":[0.391260266,0.92021662,-0.0108026303,-0.918498337,0.389745772,-0.0667759329,-0.0572380461,0.0360489637,0.997709513],"shapeName":"/art/shapes/objects/constructionbarrier_arrows.dae","useInstanceRenderData":true}
{"class":"TSStatic","persistentId":"acf5f9e0-d46a-45ed-ae72-add5838c4544","__parent":"main_prefab","position":[235.17952,-829.745605,129.954391],"isRenderEnabled":false,"rotationMatrix":[-0.107583165,-0.979873121,0.168150276,0.970138252,-0.0664855242,0.233262673,-0.217388272,0.188224122,0.957765102],"shapeName":"/art/shapes/objects/arrowboard_R.dae","useInstanceRenderData":true}
{"class":"TSStatic","persistentId":"aed9571c-75a5-4185-93d9-c470a9b78ced","__parent":"main_prefab","position":[-434.705109,-703.953674,106.665062],"isRenderEnabled":false,"rotationMatrix":[-0.235088706,-0.970637798,-0.0509463325,0.97176075,-0.233616352,-0.0332319736,0.0203543156,-0.0573201105,0.998148322],"shapeName":"/art/shapes/objects/constructionbarrier_arrows.dae","useInstanceRenderData":true}
{"class":"TSStatic","persistentId":"af106a67-f867-4a8a-89c6-425c41985605","__parent":"main_prefab","position":[-372.132996,-602.911682,128.031998],"isRenderEnabled":false,"rotationMatrix":[-0.707162619,0.706865966,-0.0161729902,-0.706788599,-0.706092358,0.0433990732,0.0192577019,0.04212109,0.998926878],"shapeName":"/art/shapes/objects/constructionbarrier_arrows.dae","useInstanceRenderData":true}
{"class":"TSStatic","persistentId":"b08c29e1-e8cc-49d9-b013-454c363f9123","__parent":"main_prefab","position":[173.706833,-869.969971,115.329979],"isRenderEnabled":false,"rotationMatrix":[0.121600032,-0.992395997,0.0190691464,0.992538095,0.121747434,0.00676486222,-0.00903504156,0.0181042459,0.999795258],"shapeName":"/art/shapes/objects/constructionbarrier_arrows.dae","useInstanceRenderData":true}
{"class":"TSStatic","persistentId":"b1b76a75-d0a2-4450-9987-fbfeee86d020","__parent":"main_prefab","position":[-432.778168,-704.397461,106.586258],"isRenderEnabled":false,"rotationMatrix":[-0.222015262,-0.97426939,-0.038839452,0.974811554,-0.220918059,-0.0306213442,0.0212531015,-0.0446595512,0.998776138],"shapeName":"/art/shapes/objects/constructionbarrier_arrows.dae","useInstanceRenderData":true}
{"class":"TSStatic","persistentId":"b24ccec1-d1d7-4e45-b0a6-684bf83a6a4f","__parent":"main_prefab","position":[-361.315063,-598.68927,127.722809],"isRenderEnabled":false,"rotationMatrix":[-0.0922890902,0.995022178,-0.0375961363,-0.995532513,-0.0929609537,-0.0165295172,-0.019942211,0.035902679,0.999156296],"shapeName":"/art/shapes/objects/constructionbarrier_arrows.dae","useInstanceRenderData":true}
{"class":"TSStatic","persistentId":"b3019d1a-e6b6-455d-8de2-3aaa6630c7df","__parent":"main_prefab","position":[418.151703,-588.927551,127.058945],"isRenderEnabled":false,"rotationMatrix":[0.390571713,0.92057234,0.000512681901,-0.917467296,0.389299929,-0.0818497092,-0.0755481645,0.03149781,0.996644557],"shapeName":"/art/shapes/objects/constructionbarrier_arrows.dae","useInstanceRenderData":true}
{"class":"TSStatic","persistentId":"b40523ad-e296-4e18-8fda-0641768289a5","__parent":"main_prefab","position":[416.335419,-588.156799,126.906189],"isRenderEnabled":false,"rotationMatrix":[0.390414715,0.920634508,0.0029264465,-0.917879105,0.38948822,-0.0761380866,-0.071235165,0.0270393025,0.997092962],"shapeName":"/art/shapes/objects/constructionbarrier_arrows.dae","useInstanceRenderData":true}
