//--- OBJECT WRITE BEGIN ---
$ThisPrefab = new SimGroup() {
   canSave = "1";
   canSaveDynamicFields = "1";
      groupPosition = "0 0 0";

   new TSStatic() {
      shapeName = "/levels/italy/art/shapes/misc/concrete_road_barrier_a.dae";
      dynamic = "0";
      playAmbient = "1";
      meshCulling = "0";
      originSort = "0";
      useInstanceRenderData = "0";
      instanceColor = "White";
      instanceColor1 = "White";
      instanceColor2 = "White";
      collisionType = "Collision Mesh";
      decalType = "Collision Mesh";
      prebuildCollisionData = "0";
      renderNormals = "0";
      forceDetail = "-1";
      position = "163.428986 -903.315552 279.362854";
      scale = "1 1 1";
      rotationMatrix = "0.10170795 0.994808674 0.00326825865 -0.994367301 0.101760179 -0.0296382848 -0.0298170149 -0.000235375745 0.999555647";
      isRenderEnabled = "false";
      canSave = "1";
      canSaveDynamicFields = "1";
      persistentId = "e8a952c4-da8f-4d44-bf88-9e0f16bae4f5";
         mode = "Ignore";
   };
   new TSStatic() {
      shapeName = "/levels/italy/art/shapes/misc/concrete_road_barrier_b.dae";
      dynamic = "0";
      playAmbient = "1";
      meshCulling = "0";
      originSort = "0";
      useInstanceRenderData = "0";
      instanceColor = "White";
      instanceColor1 = "White";
      instanceColor2 = "White";
      collisionType = "Collision Mesh";
      decalType = "Collision Mesh";
      prebuildCollisionData = "0";
      renderNormals = "0";
      forceDetail = "-1";
      position = "241.965546 -984.457397 271.713715";
      scale = "1 1 1";
      rotationMatrix = "0.946277797 0.321623385 -0.0334174521 -0.323044777 0.944832981 -0.0541553088 0.0141562931 0.0620412976 0.997973204";
      isRenderEnabled = "false";
      canSave = "1";
      canSaveDynamicFields = "1";
      persistentId = "b3f46b8e-e765-4709-baa8-707493dc0105";
         mode = "Ignore";
   };
   new TSStatic() {
      shapeName = "/levels/italy/art/shapes/misc/concrete_road_barrier_a.dae";
      dynamic = "0";
      playAmbient = "1";
      meshCulling = "0";
      originSort = "0";
      useInstanceRenderData = "0";
      instanceColor = "White";
      instanceColor1 = "White";
      instanceColor2 = "White";
      collisionType = "Collision Mesh";
      decalType = "Collision Mesh";
      prebuildCollisionData = "0";
      renderNormals = "0";
      forceDetail = "-1";
      position = "245.249802 -983.152466 271.565491";
      scale = "1 1 1";
      rotationMatrix = "0.922643244 0.383504331 -0.0406692885 -0.385044515 0.921976686 -0.0412275419 0.0216851979 0.0536978021 0.998321831";
      isRenderEnabled = "false";
      canSave = "1";
      canSaveDynamicFields = "1";
      persistentId = "930b9707-3f24-4ae5-8168-e50eb1c67863";
         mode = "Ignore";
   };
   new TSStatic() {
      shapeName = "/levels/italy/art/shapes/misc/concrete_road_barrier_b.dae";
      dynamic = "0";
      playAmbient = "1";
      meshCulling = "0";
      originSort = "0";
      useInstanceRenderData = "0";
      instanceColor = "White";
      instanceColor1 = "White";
      instanceColor2 = "White";
      collisionType = "Collision Mesh";
      decalType = "Collision Mesh";
      prebuildCollisionData = "0";
      renderNormals = "0";
      forceDetail = "-1";
      position = "248.589279 -981.785583 271.465668";
      scale = "1 1 1";
      rotationMatrix = "-0.917798579 -0.392300576 0.0612047389 0.394097328 -0.91884613 0.020228941 0.0483019166 0.0426867194 0.997920275";
      isRenderEnabled = "false";
      canSave = "1";
      canSaveDynamicFields = "1";
      persistentId = "d259bbf9-479a-49cf-b679-c2abe02a92c8";
         mode = "Ignore";
   };
   new TSStatic() {
      shapeName = "/levels/italy/art/shapes/misc/concrete_road_barrier_b.dae";
      dynamic = "0";
      playAmbient = "1";
      meshCulling = "0";
      originSort = "0";
      useInstanceRenderData = "0";
      instanceColor = "White";
      instanceColor1 = "White";
      instanceColor2 = "White";
      collisionType = "Collision Mesh";
      decalType = "Collision Mesh";
      prebuildCollisionData = "0";
      renderNormals = "0";
      forceDetail = "-1";
      position = "364.044312 -843.743103 253.088654";
      scale = "1 1 1";
      rotationMatrix = "0.980942905 0.182655245 0.0662429705 -0.176615641 0.980354846 -0.0878146067 -0.080981411 0.0744415745 0.99393183";
      isRenderEnabled = "false";
      canSave = "1";
      canSaveDynamicFields = "1";
      persistentId = "d5a16506-005f-4b3d-b566-b6135bea523a";
         mode = "Ignore";
   };
   new TSStatic() {
      shapeName = "/levels/italy/art/shapes/misc/concrete_road_barrier_a.dae";
      dynamic = "0";
      playAmbient = "1";
      meshCulling = "0";
      originSort = "0";
      useInstanceRenderData = "0";
      instanceColor = "White";
      instanceColor1 = "White";
      instanceColor2 = "White";
      collisionType = "Collision Mesh";
      decalType = "Collision Mesh";
      prebuildCollisionData = "0";
      renderNormals = "0";
      forceDetail = "-1";
      position = "367.47934 -842.922974 253.286514";
      scale = "1 1 1";
      rotationMatrix = "0.967323303 0.247160017 0.0565468222 -0.242259458 0.966784358 -0.0814759806 -0.074806191 0.0651146173 0.995069981";
      isRenderEnabled = "false";
      canSave = "1";
      canSaveDynamicFields = "1";
      persistentId = "903606b3-4f18-4b14-81f6-1192f90bf93f";
         mode = "Ignore";
   };
   new TSStatic() {
      shapeName = "/levels/italy/art/shapes/misc/concrete_road_barrier_b.dae";
      dynamic = "0";
      playAmbient = "1";
      meshCulling = "0";
      originSort = "0";
      useInstanceRenderData = "0";
      instanceColor = "White";
      instanceColor1 = "White";
      instanceColor2 = "White";
      collisionType = "Collision Mesh";
      decalType = "Collision Mesh";
      prebuildCollisionData = "0";
      renderNormals = "0";
      forceDetail = "-1";
      position = "370.972565 -842.048645 253.5383";
      scale = "1 1 1";
      rotationMatrix = "-0.965955138 -0.256247044 -0.0356158614 0.253803104 -0.965296328 0.061545413 -0.0501506887 0.0504106879 0.997468948";
      isRenderEnabled = "false";
      canSave = "1";
      canSaveDynamicFields = "1";
      persistentId = "f859083f-9a3e-4048-9e0f-1efca8658cd6";
         mode = "Ignore";
   };
   new TSStatic() {
      shapeName = "/levels/italy/art/shapes/misc/concrete_road_barrier_a.dae";
      dynamic = "0";
      playAmbient = "1";
      meshCulling = "0";
      originSort = "0";
      useInstanceRenderData = "0";
      instanceColor = "White";
      instanceColor1 = "White";
      instanceColor2 = "White";
      collisionType = "Collision Mesh";
      decalType = "Collision Mesh";
      prebuildCollisionData = "0";
      renderNormals = "0";
      forceDetail = "-1";
      position = "244.920914 -904.500244 246.623932";
      scale = "1 1 1";
      rotationMatrix = "0.982027054 -0.18459399 0.0393444784 0.185852572 0.982083857 -0.0311471745 -0.0328899957 0.0378996357 0.998740137";
      isRenderEnabled = "false";
      canSave = "1";
      canSaveDynamicFields = "1";
      persistentId = "e26c0157-497d-4953-ba47-cb526c943c43";
         mode = "Ignore";
   };
   new TSStatic() {
      shapeName = "/levels/italy/art/shapes/misc/concrete_road_barrier_a.dae";
      dynamic = "0";
      playAmbient = "1";
      meshCulling = "0";
      originSort = "0";
      useInstanceRenderData = "0";
      instanceColor = "White";
      instanceColor1 = "White";
      instanceColor2 = "White";
      collisionType = "Collision Mesh";
      decalType = "Collision Mesh";
      prebuildCollisionData = "0";
      renderNormals = "0";
      forceDetail = "-1";
      position = "245.079529 -887.479004 245.753922";
      scale = "1 1 1";
      rotationMatrix = "0.982027054 -0.18459399 0.0393444784 0.185852572 0.982083857 -0.0311471745 -0.0328899957 0.0378996357 0.998740137";
      isRenderEnabled = "false";
      canSave = "1";
      canSaveDynamicFields = "1";
      persistentId = "f3cdf194-5b00-4ddc-abe1-1972304b6ec7";
         mode = "Ignore";
   };
   new TSStatic() {
      shapeName = "/levels/italy/art/shapes/misc/concrete_road_barrier_b.dae";
      dynamic = "0";
      playAmbient = "1";
      meshCulling = "0";
      originSort = "0";
      useInstanceRenderData = "0";
      instanceColor = "White";
      instanceColor1 = "White";
      instanceColor2 = "White";
      collisionType = "Collision Mesh";
      decalType = "Collision Mesh";
      prebuildCollisionData = "0";
      renderNormals = "0";
      forceDetail = "-1";
      position = "369.607178 -755.177917 230.085083";
      scale = "1 1 1";
      rotationMatrix = "0.978739262 -0.19711785 -0.0566933714 0.193392202 0.978960276 -0.0650870651 0.0683303773 0.0527391993 0.996267796";
      isRenderEnabled = "false";
      canSave = "1";
      canSaveDynamicFields = "1";
      persistentId = "1300d85c-998e-4d05-93b4-ddf740aece7e";
         mode = "Ignore";
   };
   new TSStatic() {
      shapeName = "/levels/italy/art/shapes/misc/concrete_road_barrier_a.dae";
      dynamic = "0";
      playAmbient = "1";
      meshCulling = "0";
      originSort = "0";
      useInstanceRenderData = "0";
      instanceColor = "White";
      instanceColor1 = "White";
      instanceColor2 = "White";
      collisionType = "Collision Mesh";
      decalType = "Collision Mesh";
      prebuildCollisionData = "0";
      renderNormals = "0";
      forceDetail = "-1";
      position = "373.128448 -755.699097 230.006439";
      scale = "1 1 1";
      rotationMatrix = "0.991170287 -0.131781533 -0.0146571994 0.13102755 0.990399301 -0.0440553203 0.0203221701 0.0417458303 0.998921633";
      isRenderEnabled = "false";
      canSave = "1";
      canSaveDynamicFields = "1";
      persistentId = "fb2ec732-a520-47a0-bb5e-123b5637912e";
         mode = "Ignore";
   };
   new TSStatic() {
      shapeName = "/levels/italy/art/shapes/misc/concrete_road_barrier_b.dae";
      dynamic = "0";
      playAmbient = "1";
      meshCulling = "0";
      originSort = "0";
      useInstanceRenderData = "0";
      instanceColor = "White";
      instanceColor1 = "White";
      instanceColor2 = "White";
      collisionType = "Collision Mesh";
      decalType = "Collision Mesh";
      prebuildCollisionData = "0";
      renderNormals = "0";
      forceDetail = "-1";
      position = "376.693298 -756.204224 229.78035";
      scale = "1 1 1";
      rotationMatrix = "-0.991489232 0.122918822 0.0428975038 -0.12119358 -0.991792321 0.0407440104 0.0475536175 0.0351983495 0.998248398";
      isRenderEnabled = "false";
      canSave = "1";
      canSaveDynamicFields = "1";
      persistentId = "20a57498-05c8-483e-a000-de9a23b6a8b0";
         mode = "Ignore";
   };
   new TSStatic() {
      shapeName = "/levels/italy/art/shapes/misc/concrete_road_barrier_a.dae";
      dynamic = "0";
      playAmbient = "1";
      meshCulling = "0";
      originSort = "0";
      useInstanceRenderData = "0";
      instanceColor = "White";
      instanceColor1 = "White";
      instanceColor2 = "White";
      collisionType = "Collision Mesh";
      decalType = "Collision Mesh";
      prebuildCollisionData = "0";
      renderNormals = "0";
      forceDetail = "-1";
      position = "822.153625 -576.888733 184.936508";
      scale = "1 1 1";
      rotationMatrix = "0.821151018 -0.567041874 -0.0646140799 0.564801633 0.823673904 -0.0506057888 0.0819164887 0.0050608851 0.996626139";
      isRenderEnabled = "false";
      canSave = "1";
      canSaveDynamicFields = "1";
      persistentId = "7478964c-8aa5-40f4-9d11-27eb03961a7e";
         mode = "Ignore";
   };
   new TSStatic() {
      shapeName = "/levels/italy/art/shapes/misc/concrete_road_barrier_a.dae";
      dynamic = "0";
      playAmbient = "1";
      meshCulling = "0";
      originSort = "0";
      useInstanceRenderData = "0";
      instanceColor = "White";
      instanceColor1 = "White";
      instanceColor2 = "White";
      collisionType = "Collision Mesh";
      decalType = "Collision Mesh";
      prebuildCollisionData = "0";
      renderNormals = "0";
      forceDetail = "-1";
      position = "804.692383 -585.387817 185.932495";
      scale = "1 1 1";
      rotationMatrix = "0.825228035 -0.558862925 -0.0816766322 0.564683676 0.819314659 0.0992783383 0.0114358589 -0.128048792 0.991701722";
      isRenderEnabled = "false";
      canSave = "1";
      canSaveDynamicFields = "1";
      persistentId = "11adffdb-00a0-4772-8581-e6ae2f10062e";
         mode = "Ignore";
   };
   new TSStatic() {
      shapeName = "/levels/italy/art/shapes/misc/concrete_road_barrier_a.dae";
      dynamic = "0";
      playAmbient = "1";
      meshCulling = "0";
      originSort = "0";
      useInstanceRenderData = "0";
      instanceColor = "White";
      instanceColor1 = "White";
      instanceColor2 = "White";
      collisionType = "Collision Mesh";
      decalType = "Collision Mesh";
      prebuildCollisionData = "0";
      renderNormals = "0";
      forceDetail = "-1";
      position = "879.497437 -617.552063 176.478088";
      scale = "1 1 1";
      rotationMatrix = "0.998108029 -0.0537929833 -0.029774202 0.0573276617 0.989255786 0.134488672 0.0222197622 -0.135941193 0.990467608";
      isRenderEnabled = "false";
      canSave = "1";
      canSaveDynamicFields = "1";
      persistentId = "5e82fd0b-aec9-4c47-950c-669f7da648fc";
         mode = "Ignore";
   };
   new TSStatic() {
      shapeName = "/levels/italy/art/shapes/misc/concrete_road_barrier_a.dae";
      dynamic = "0";
      playAmbient = "1";
      meshCulling = "0";
      originSort = "0";
      useInstanceRenderData = "0";
      instanceColor = "White";
      instanceColor1 = "White";
      instanceColor2 = "White";
      collisionType = "Collision Mesh";
      decalType = "Collision Mesh";
      prebuildCollisionData = "0";
      renderNormals = "0";
      forceDetail = "-1";
      position = "938.210205 -617.454346 167.30838";
      scale = "1 1 1";
      rotationMatrix = "0.988879561 0.111648321 -0.0982423574 -0.0965142548 0.984383225 0.147224814 0.1131455 -0.136105865 0.984211922";
      isRenderEnabled = "false";
      canSave = "1";
      canSaveDynamicFields = "1";
      persistentId = "6c7079a1-f566-44de-bd0a-ad1a42e19e53";
         mode = "Ignore";
   };
   new TSStatic() {
      shapeName = "/levels/italy/art/shapes/misc/concrete_road_barrier_b.dae";
      dynamic = "0";
      playAmbient = "1";
      meshCulling = "0";
      originSort = "0";
      useInstanceRenderData = "0";
      instanceColor = "White";
      instanceColor1 = "White";
      instanceColor2 = "White";
      collisionType = "Collision Mesh";
      decalType = "Collision Mesh";
      prebuildCollisionData = "0";
      renderNormals = "0";
      forceDetail = "-1";
      position = "819.258728 -574.834595 185.195953";
      scale = "1 1 1";
      rotationMatrix = "0.779423892 -0.620127857 -0.0891072527 0.614476204 0.784425378 -0.084239237 0.12213704 0.0109037813 0.992453158";
      isRenderEnabled = "false";
      canSave = "1";
      canSaveDynamicFields = "1";
      persistentId = "c2cff841-1b49-4b28-9cb3-5d1d37e95075";
         mode = "Ignore";
   };
   new TSStatic() {
      shapeName = "/levels/italy/art/shapes/misc/concrete_road_barrier_b.dae";
      dynamic = "0";
      playAmbient = "1";
      meshCulling = "0";
      originSort = "0";
      useInstanceRenderData = "0";
      instanceColor = "White";
      instanceColor1 = "White";
      instanceColor2 = "White";
      collisionType = "Collision Mesh";
      decalType = "Collision Mesh";
      prebuildCollisionData = "0";
      renderNormals = "0";
      forceDetail = "-1";
      position = "825.126465 -578.972961 184.706512";
      scale = "1 1 1";
      rotationMatrix = "-0.827244818 0.560201406 0.0428974144 -0.55880183 -0.828299463 0.0407438278 0.0583564602 0.00973395724 0.998247921";
      isRenderEnabled = "false";
      canSave = "1";
      canSaveDynamicFields = "1";
      persistentId = "f31b8d1b-74fa-4aa6-b8fc-be3fbcc3c26a";
         mode = "Ignore";
   };
   new TSStatic() {
      shapeName = "/levels/italy/art/shapes/misc/concrete_road_barrier_b.dae";
      dynamic = "0";
      playAmbient = "1";
      meshCulling = "0";
      originSort = "0";
      useInstanceRenderData = "0";
      instanceColor = "White";
      instanceColor1 = "White";
      instanceColor2 = "White";
      collisionType = "Collision Mesh";
      decalType = "Collision Mesh";
      prebuildCollisionData = "0";
      renderNormals = "0";
      forceDetail = "-1";
      position = "771.510437 -569.196167 188.290634";
      scale = "1 1 1";
      rotationMatrix = "-0.894444644 0.445116729 0.0428975523 -0.443590015 -0.895303369 0.0407440029 0.0565421432 0.0174143221 0.998248339";
      isRenderEnabled = "false";
      canSave = "1";
      canSaveDynamicFields = "1";
      persistentId = "e87fdad7-66c1-4089-ad35-df0fd3184182";
         mode = "Ignore";
   };
   new TSStatic() {
      shapeName = "/levels/italy/art/shapes/misc/concrete_road_barrier_a.dae";
      dynamic = "0";
      playAmbient = "1";
      meshCulling = "0";
      originSort = "0";
      useInstanceRenderData = "0";
      instanceColor = "White";
      instanceColor1 = "White";
      instanceColor2 = "White";
      collisionType = "Collision Mesh";
      decalType = "Collision Mesh";
      prebuildCollisionData = "0";
      renderNormals = "0";
      forceDetail = "-1";
      position = "768.286621 -567.526123 188.479111";
      scale = "1 1 1";
      rotationMatrix = "0.889315188 -0.452706844 -0.0646140501 0.450151026 0.891517341 -0.0506057888 0.0805141255 0.0159184132 0.996626318";
      isRenderEnabled = "false";
      canSave = "1";
      canSaveDynamicFields = "1";
      persistentId = "c6a2acc1-3ff1-474c-926e-a08d4af8b43d";
         mode = "Ignore";
   };
   new TSStatic() {
      shapeName = "/levels/italy/art/shapes/misc/concrete_road_barrier_b.dae";
      dynamic = "0";
      playAmbient = "1";
      meshCulling = "0";
      originSort = "0";
      useInstanceRenderData = "0";
      instanceColor = "White";
      instanceColor1 = "White";
      instanceColor2 = "White";
      collisionType = "Collision Mesh";
      decalType = "Collision Mesh";
      prebuildCollisionData = "0";
      renderNormals = "0";
      forceDetail = "-1";
      position = "765.166992 -565.875549 188.711502";
      scale = "1 1 1";
      rotationMatrix = "0.857784212 -0.510874212 -0.0566933975 0.507433295 0.859229624 -0.0650870502 0.0819638968 0.0270625129 0.996267796";
      isRenderEnabled = "false";
      canSave = "1";
      canSaveDynamicFields = "1";
      persistentId = "26936bba-1e75-4921-9ce7-98957771e41e";
         mode = "Ignore";
   };
   new TSStatic() {
      shapeName = "/levels/italy/art/shapes/misc/concrete_road_barrier_b.dae";
      dynamic = "0";
      playAmbient = "1";
      meshCulling = "0";
      originSort = "0";
      useInstanceRenderData = "0";
      instanceColor = "White";
      instanceColor1 = "White";
      instanceColor2 = "White";
      collisionType = "Collision Mesh";
      decalType = "Collision Mesh";
      prebuildCollisionData = "0";
      renderNormals = "0";
      forceDetail = "-1";
      position = "431.240417 -891.816711 260.369293";
      scale = "1 1 1";
      rotationMatrix = "0.924076915 0.380057096 -0.0404784195 -0.379693061 0.924963057 0.0166321322 0.043762207 1.39672096e-09 0.999042034";
      isRenderEnabled = "false";
      canSave = "1";
      canSaveDynamicFields = "1";
      persistentId = "986bc427-5a1c-4c81-a03a-204978968097";
         mode = "Ignore";
   };
   new TSStatic() {
      shapeName = "/levels/italy/art/shapes/misc/concrete_road_barrier_b.dae";
      dynamic = "0";
      playAmbient = "1";
      meshCulling = "0";
      originSort = "0";
      useInstanceRenderData = "0";
      instanceColor = "White";
      instanceColor1 = "White";
      instanceColor2 = "White";
      collisionType = "Collision Mesh";
      decalType = "Collision Mesh";
      prebuildCollisionData = "0";
      renderNormals = "0";
      forceDetail = "-1";
      position = "440.191986 -872.156128 259.482971";
      scale = "1 1 1";
      rotationMatrix = "0.240738422 -0.969440162 0.0472381711 0.970549822 0.240885481 -0.00264297798 -0.00881677307 0.0464832559 0.998880327";
      isRenderEnabled = "false";
      canSave = "1";
      canSaveDynamicFields = "1";
      persistentId = "0a097dfe-f3c7-4bf9-a70e-ba2987305959";
         mode = "Ignore";
   };
   new TSStatic() {
      shapeName = "/levels/italy/art/shapes/misc/concrete_road_barrier_a.dae";
      dynamic = "0";
      playAmbient = "1";
      meshCulling = "0";
      originSort = "0";
      useInstanceRenderData = "0";
      instanceColor = "White";
      instanceColor1 = "White";
      instanceColor2 = "White";
      collisionType = "Collision Mesh";
      decalType = "Collision Mesh";
      prebuildCollisionData = "0";
      renderNormals = "0";
      forceDetail = "-1";
      position = "440.87439 -875.794983 259.632721";
      scale = "1 1 1";
      rotationMatrix = "-0.106163889 0.992165208 -0.0658583865 -0.994348586 -0.105930783 0.00703151803 -1.86248628e-09 0.0662326813 0.997804284";
      isRenderEnabled = "false";
      canSave = "1";
      canSaveDynamicFields = "1";
      persistentId = "654872f1-76bd-4a5a-9bb6-d612d5b5674e";
         mode = "Ignore";
   };
   new TSStatic() {
      shapeName = "/levels/italy/art/shapes/misc/concrete_road_barrier_a.dae";
      dynamic = "0";
      playAmbient = "1";
      meshCulling = "0";
      originSort = "0";
      useInstanceRenderData = "0";
      instanceColor = "White";
      instanceColor1 = "White";
      instanceColor2 = "White";
      collisionType = "Collision Mesh";
      decalType = "Collision Mesh";
      prebuildCollisionData = "0";
      renderNormals = "0";
      forceDetail = "-1";
      position = "440.860046 -879.418579 259.829926";
      scale = "1 1 1";
      rotationMatrix = "0.16067259 0.985834718 -0.0481051952 -0.986884892 0.1612304 0.00792383589 0.01556761 0.0462011583 0.998811007";
      isRenderEnabled = "false";
      canSave = "1";
      canSaveDynamicFields = "1";
      persistentId = "e8881e70-9930-4690-9677-f9417dbff019";
         mode = "Ignore";
   };
   new TSStatic() {
      shapeName = "/levels/italy/art/shapes/misc/concrete_road_barrier_a.dae";
      dynamic = "0";
      playAmbient = "1";
      meshCulling = "0";
      originSort = "0";
      useInstanceRenderData = "0";
      instanceColor = "White";
      instanceColor1 = "White";
      instanceColor2 = "White";
      collisionType = "Collision Mesh";
      decalType = "Collision Mesh";
      prebuildCollisionData = "0";
      renderNormals = "0";
      forceDetail = "-1";
      position = "439.619568 -883.293152 259.955719";
      scale = "1 1 1";
      rotationMatrix = "0.413132489 0.910267711 -0.0270807687 -0.910307825 0.413625002 0.0159428474 0.0257135481 0.0180653296 0.999506474";
      isRenderEnabled = "false";
      canSave = "1";
      canSaveDynamicFields = "1";
      persistentId = "65079a79-ebaf-45a1-8bcb-c577ee99add8";
         mode = "Ignore";
   };
   new TSStatic() {
      shapeName = "/levels/italy/art/shapes/misc/concrete_road_barrier_a.dae";
      dynamic = "0";
      playAmbient = "1";
      meshCulling = "0";
      originSort = "0";
      useInstanceRenderData = "0";
      instanceColor = "White";
      instanceColor1 = "White";
      instanceColor2 = "White";
      collisionType = "Collision Mesh";
      decalType = "Collision Mesh";
      prebuildCollisionData = "0";
      renderNormals = "0";
      forceDetail = "-1";
      position = "437.247772 -887.17041 260.132477";
      scale = "1 1 1";
      rotationMatrix = "0.624592781 0.779565632 -0.0464811176 -0.780398488 0.625282764 0.000393674243 0.0293707345 0.0360278971 0.998919666";
      isRenderEnabled = "false";
      canSave = "1";
      canSaveDynamicFields = "1";
      persistentId = "eb8c749e-bbcf-4e50-bdbd-994792911a91";
         mode = "Ignore";
   };
   new TSStatic() {
      shapeName = "/levels/italy/art/shapes/misc/concrete_road_barrier_a.dae";
      dynamic = "0";
      playAmbient = "1";
      meshCulling = "0";
      originSort = "0";
      useInstanceRenderData = "0";
      instanceColor = "White";
      instanceColor1 = "White";
      instanceColor2 = "White";
      collisionType = "Collision Mesh";
      decalType = "Collision Mesh";
      prebuildCollisionData = "0";
      renderNormals = "0";
      forceDetail = "-1";
      position = "434.398987 -890.024536 260.270111";
      scale = "1 1 1";
      rotationMatrix = "0.838262618 0.544855237 -0.0211702846 -0.545193315 0.838155985 -0.0160816927 0.00898181275 0.0250226054 0.999647319";
      isRenderEnabled = "false";
      canSave = "1";
      canSaveDynamicFields = "1";
      persistentId = "bbd9426a-0a36-418e-9cec-3c95c6ed5973";
         mode = "Ignore";
   };
   new DecalRoad() {
      drivability = "-1";
      lanesLeft = "1";
      lanesRight = "1";
      oneWay = "0";
      flipDirection = "0";
      gatedRoad = "0";
      useSubdivisions = "1";
      ImprovedSpline = "0";
      startTangent = "0";
      endTangent = "0";
      looped = "0";
      smoothness = "0.5";
      Detail = "0.100000001";
      overObjects = "0";
      Material = "checkered_line";
      textureLength = "5";
      breakAngle = "3";
      renderPriority = "10";
      zBias = "0";
      decalBias = "0.000500000024";
      distanceFade = "0 0";
      startEndFade = "0 0";
      hiddenInNavi = "0";
      position = "448.344696 -1380.41663 416.889069";
      scale = "1 1 1";
      rotationMatrix = "1 0 0 0 1 0 0 0 1";
      canSave = "1";
      canSaveDynamicFields = "1";
      persistentId = "48046005-9ec5-46bc-954a-3dee4c59f069";
         mode = "Ignore";

      Node = "448.344696 -1380.416626 416.889069 0.500000";
      Node = "444.543579 -1374.723877 416.897827 0.500000";
   };
   new DecalRoad() {
      drivability = "-1";
      lanesLeft = "1";
      lanesRight = "1";
      oneWay = "0";
      flipDirection = "0";
      gatedRoad = "0";
      useSubdivisions = "1";
      ImprovedSpline = "0";
      startTangent = "0";
      endTangent = "0";
      looped = "0";
      smoothness = "0.5";
      Detail = "0.100000001";
      overObjects = "0";
      Material = "checkered_line";
      textureLength = "5";
      breakAngle = "3";
      renderPriority = "10";
      zBias = "0";
      decalBias = "0.000500000024";
      distanceFade = "0 0";
      startEndFade = "0 0";
      hiddenInNavi = "0";
      position = "977.06604 -581.774353 162.677643";
      scale = "1 1 1";
      rotationMatrix = "1 0 0 0 1 0 0 0 1";
      canSave = "1";
      canSaveDynamicFields = "1";
      persistentId = "b74ec59d-9230-49f5-ad5f-dadb128f4377";
         mode = "Ignore";

      Node = "977.066040 -581.774353 162.677643 0.500000";
      Node = "972.166992 -579.909241 162.642319 0.500000";
   };
   new TSStatic() {
      shapeName = "/levels/italy/art/shapes/misc/concrete_road_barrier_a.dae";
      dynamic = "0";
      playAmbient = "1";
      meshCulling = "0";
      originSort = "0";
      useInstanceRenderData = "0";
      instanceColor = "White";
      instanceColor1 = "White";
      instanceColor2 = "White";
      collisionType = "Collision Mesh";
      decalType = "Collision Mesh";
      prebuildCollisionData = "0";
      renderNormals = "0";
      forceDetail = "-1";
      position = "334.784027 -770.813599 232.630157";
      scale = "1 1 1";
      rotationMatrix = "0.864652395 0.492995232 -0.0966026783 -0.495088041 0.868838608 0.00263087917 0.0852291584 0.0455520414 0.995319664";
      isRenderEnabled = "false";
      canSave = "1";
      canSaveDynamicFields = "1";
      persistentId = "c5cf8ea0-b8fc-4dcd-bebe-e270b25a837a";
         mode = "Ignore";
   };
   new TSStatic() {
      shapeName = "/levels/italy/art/shapes/misc/concrete_road_barrier_a.dae";
      dynamic = "0";
      playAmbient = "1";
      meshCulling = "0";
      originSort = "0";
      useInstanceRenderData = "0";
      instanceColor = "White";
      instanceColor1 = "White";
      instanceColor2 = "White";
      collisionType = "Collision Mesh";
      decalType = "Collision Mesh";
      prebuildCollisionData = "0";
      renderNormals = "0";
      forceDetail = "-1";
      position = "330.992889 -773.008545 232.996429";
      scale = "1 1 1";
      rotationMatrix = "0.896373928 0.432644993 -0.0966026783 -0.434446275 0.900693655 0.00263087754 0.08814767 0.0396104492 0.995319724";
      isRenderEnabled = "false";
      canSave = "1";
      canSaveDynamicFields = "1";
      persistentId = "a37dd67e-19ca-4776-b01f-d02b786934d0";
         mode = "Ignore";
   };
   new TSStatic() {
      shapeName = "/levels/italy/art/shapes/misc/concrete_road_barrier_a.dae";
      dynamic = "0";
      playAmbient = "1";
      meshCulling = "0";
      originSort = "0";
      useInstanceRenderData = "0";
      instanceColor = "White";
      instanceColor1 = "White";
      instanceColor2 = "White";
      collisionType = "Collision Mesh";
      decalType = "Collision Mesh";
      prebuildCollisionData = "0";
      renderNormals = "0";
      forceDetail = "-1";
      position = "317.115326 -777.628967 234.149704";
      scale = "1 1 1";
      rotationMatrix = "0.864652395 0.492995232 -0.0966026783 -0.495088041 0.868838608 0.00263087917 0.0852291584 0.0455520414 0.995319664";
      isRenderEnabled = "false";
      canSave = "1";
      canSaveDynamicFields = "1";
      persistentId = "3f5fff13-72b4-4e95-98da-195216363341";
         mode = "Ignore";
   };
   new TSStatic() {
      shapeName = "/levels/italy/art/shapes/misc/concrete_road_barrier_a.dae";
      dynamic = "0";
      playAmbient = "1";
      meshCulling = "0";
      originSort = "0";
      useInstanceRenderData = "0";
      instanceColor = "White";
      instanceColor1 = "White";
      instanceColor2 = "White";
      collisionType = "Collision Mesh";
      decalType = "Collision Mesh";
      prebuildCollisionData = "0";
      renderNormals = "0";
      forceDetail = "-1";
      position = "290.408813 -784.214905 236.340988";
      scale = "1 1 1";
      rotationMatrix = "0.993096709 0.0805194378 -0.0853000805 -0.0806673989 0.996739507 0.00171243958 0.085159868 0.00518034259 0.996353984";
      isRenderEnabled = "false";
      canSave = "1";
      canSaveDynamicFields = "1";
      persistentId = "4a66a71c-5c56-429a-8d97-9df166978760";
         mode = "Ignore";
   };
   new TSStatic() {
      shapeName = "/levels/italy/art/shapes/misc/concrete_road_barrier_a.dae";
      dynamic = "0";
      playAmbient = "1";
      meshCulling = "0";
      originSort = "0";
      useInstanceRenderData = "0";
      instanceColor = "White";
      instanceColor1 = "White";
      instanceColor2 = "White";
      collisionType = "Collision Mesh";
      decalType = "Collision Mesh";
      prebuildCollisionData = "0";
      renderNormals = "0";
      forceDetail = "-1";
      position = "257.21814 -789.104004 238.876144";
      scale = "1 1 1";
      rotationMatrix = "0.938589871 0.337667942 -0.0709217042 -0.339301497 0.940600038 -0.0120505495 0.0626398474 0.0353743471 0.997409105";
      isRenderEnabled = "false";
      canSave = "1";
      canSaveDynamicFields = "1";
      persistentId = "50d81e21-875d-480a-a3b2-84faf06d5fbd";
         mode = "Ignore";
   };
   new TSStatic() {
      shapeName = "/levels/italy/art/shapes/misc/concrete_road_barrier_a.dae";
      dynamic = "0";
      playAmbient = "1";
      meshCulling = "0";
      originSort = "0";
      useInstanceRenderData = "0";
      instanceColor = "White";
      instanceColor1 = "White";
      instanceColor2 = "White";
      collisionType = "Collision Mesh";
      decalType = "Collision Mesh";
      prebuildCollisionData = "0";
      renderNormals = "0";
      forceDetail = "-1";
      position = "240.052032 -797.738159 240.616867";
      scale = "1 1 1";
      rotationMatrix = "0.760037243 0.636959434 -0.128943533 -0.648234725 0.757149041 -0.080724515 0.0462112352 0.144939214 0.988360941";
      isRenderEnabled = "false";
      canSave = "1";
      canSaveDynamicFields = "1";
      persistentId = "1052c8e5-e480-4222-89ba-7c6db444afac";
         mode = "Ignore";
   };
   new TSStatic() {
      shapeName = "/levels/italy/art/shapes/misc/concrete_road_barrier_a.dae";
      dynamic = "0";
      playAmbient = "1";
      meshCulling = "0";
      originSort = "0";
      useInstanceRenderData = "0";
      instanceColor = "White";
      instanceColor1 = "White";
      instanceColor2 = "White";
      collisionType = "Collision Mesh";
      decalType = "Collision Mesh";
      prebuildCollisionData = "0";
      renderNormals = "0";
      forceDetail = "-1";
      position = "224.649216 -833.101257 243.83847";
      scale = "1 1 1";
      rotationMatrix = "-0.069250606 0.997143924 -0.0301454831 -0.997455001 -0.0697233751 -0.0149159282 -0.0169752296 0.0290357266 0.999434292";
      isRenderEnabled = "false";
      canSave = "1";
      canSaveDynamicFields = "1";
      persistentId = "f4913060-8211-4f07-8a34-ea339449b4fe";
         mode = "Ignore";
   };
   new TSStatic() {
      shapeName = "/levels/italy/art/shapes/misc/concrete_road_barrier_a.dae";
      dynamic = "0";
      playAmbient = "1";
      meshCulling = "0";
      originSort = "0";
      useInstanceRenderData = "0";
      instanceColor = "White";
      instanceColor1 = "White";
      instanceColor2 = "White";
      collisionType = "Collision Mesh";
      decalType = "Collision Mesh";
      prebuildCollisionData = "0";
      renderNormals = "0";
      forceDetail = "-1";
      position = "224.86171 -836.576294 243.880051";
      scale = "1 1 1";
      rotationMatrix = "-0.069250606 0.997143924 -0.0301454831 -0.997455001 -0.0697233751 -0.0149159282 -0.0169752296 0.0290357266 0.999434292";
      isRenderEnabled = "false";
      canSave = "1";
      canSaveDynamicFields = "1";
      persistentId = "f5cbab22-5c26-43b1-a097-5295e0bd923b";
         mode = "Ignore";
   };
};
//--- OBJECT WRITE END ---





















