//--- OBJECT WRITE BEGIN ---
$ThisPrefab = new SimGroup() {
   canSave = "1";
   canSaveDynamicFields = "1";
      groupPosition = "0 0 0";

   new TSStatic() {
      shapeName = "/levels/italy/art/shapes/misc/concrete_road_barrier_a.dae";
      dynamic = "0";
      playAmbient = "1";
      meshCulling = "0";
      originSort = "0";
      useInstanceRenderData = "0";
      instanceColor = "White";
      instanceColor1 = "White";
      instanceColor2 = "White";
      collisionType = "Collision Mesh";
      decalType = "Collision Mesh";
      prebuildCollisionData = "0";
      renderNormals = "0";
      forceDetail = "-1";
      position = "676.342651 802.578003 179.764389";
      scale = "1 1 1";
      rotationMatrix = "0.678389728 -0.734702051 0 0.734702051 0.678389728 0 0 0 1";
      isRenderEnabled = "false";
      canSave = "1";
      canSaveDynamicFields = "1";
      persistentId = "f5a3bc9b-0597-4f6f-83b4-596c14b5b484";
         mode = "Ignore";
   };
   new TSStatic() {
      shapeName = "/levels/italy/art/shapes/misc/concrete_road_barrier_b.dae";
      dynamic = "0";
      playAmbient = "1";
      meshCulling = "0";
      originSort = "0";
      useInstanceRenderData = "0";
      instanceColor = "White";
      instanceColor1 = "White";
      instanceColor2 = "White";
      collisionType = "Collision Mesh";
      decalType = "Collision Mesh";
      prebuildCollisionData = "0";
      renderNormals = "0";
      forceDetail = "-1";
      position = "640.395752 887.307617 178.355438";
      scale = "1 1 1";
      rotationMatrix = "0.813614368 -0.57931298 0.0492773615 0.579769969 0.814758837 0.00590920867 -0.0435724482 0.0237617157 0.998767734";
      isRenderEnabled = "false";
      canSave = "1";
      canSaveDynamicFields = "1";
      persistentId = "500fec7b-4451-495b-9ff6-c7740495096b";
         mode = "Ignore";
   };
   new TSStatic() {
      shapeName = "/levels/italy/art/shapes/misc/concrete_road_barrier_a.dae";
      dynamic = "0";
      playAmbient = "1";
      meshCulling = "0";
      originSort = "0";
      useInstanceRenderData = "0";
      instanceColor = "White";
      instanceColor1 = "White";
      instanceColor2 = "White";
      collisionType = "Collision Mesh";
      decalType = "Collision Mesh";
      prebuildCollisionData = "0";
      renderNormals = "0";
      forceDetail = "-1";
      position = "643.135681 885.293396 178.503815";
      scale = "1 1 1";
      rotationMatrix = "0.8092013 -0.585518479 0.0485978499 0.587408602 0.807953835 -0.0464964025 -0.0120402761 0.0661716536 0.997735381";
      isRenderEnabled = "false";
      canSave = "1";
      canSaveDynamicFields = "1";
      persistentId = "7b148f66-c7c6-4a00-a3bd-70b2324956f0";
         mode = "Ignore";
   };
   new TSStatic() {
      shapeName = "/levels/italy/art/shapes/misc/concrete_road_barrier_b.dae";
      dynamic = "0";
      playAmbient = "1";
      meshCulling = "0";
      originSort = "0";
      useInstanceRenderData = "0";
      instanceColor = "White";
      instanceColor1 = "White";
      instanceColor2 = "White";
      collisionType = "Collision Mesh";
      decalType = "Collision Mesh";
      prebuildCollisionData = "0";
      renderNormals = "0";
      forceDetail = "-1";
      position = "645.926819 883.230103 178.682159";
      scale = "1 1 1";
      rotationMatrix = "-0.782593787 0.621675968 -0.0326491073 -0.621416807 -0.783254683 -0.0187959298 -0.0372575447 0.00557912793 0.999290168";
      isRenderEnabled = "false";
      canSave = "1";
      canSaveDynamicFields = "1";
      persistentId = "3abd80b7-8ab0-44e8-a8d0-2a6275b4afa2";
         mode = "Ignore";
   };
   new TSStatic() {
      shapeName = "/levels/italy/art/shapes/misc/concrete_road_barrier_b.dae";
      dynamic = "0";
      playAmbient = "1";
      meshCulling = "0";
      originSort = "0";
      useInstanceRenderData = "0";
      instanceColor = "White";
      instanceColor1 = "White";
      instanceColor2 = "White";
      collisionType = "Collision Mesh";
      decalType = "Collision Mesh";
      prebuildCollisionData = "0";
      renderNormals = "0";
      forceDetail = "-1";
      position = "610.812927 891.056213 174.57576";
      scale = "1 1 1";
      rotationMatrix = "-0.369104981 0.929378271 -0.00419538142 -0.929385662 -0.369090796 0.00379297975 0.00197663624 0.00529913465 0.999984026";
      isRenderEnabled = "false";
      canSave = "1";
      canSaveDynamicFields = "1";
      persistentId = "ffdc0c09-d352-40f1-b977-4a9594ee3e0c";
         mode = "Ignore";
   };
   new TSStatic() {
      shapeName = "/levels/italy/art/shapes/misc/concrete_road_barrier_b.dae";
      dynamic = "0";
      playAmbient = "1";
      meshCulling = "0";
      originSort = "0";
      useInstanceRenderData = "0";
      instanceColor = "White";
      instanceColor1 = "White";
      instanceColor2 = "White";
      collisionType = "Collision Mesh";
      decalType = "Collision Mesh";
      prebuildCollisionData = "0";
      renderNormals = "0";
      forceDetail = "-1";
      position = "608.048462 897.336853 174.434937";
      scale = "1 1 1";
      rotationMatrix = "0.417620748 -0.907795906 0.0387220606 0.908604681 0.416973233 -0.0239033774 0.00555332843 0.0451655835 0.99896419";
      isRenderEnabled = "false";
      canSave = "1";
      canSaveDynamicFields = "1";
      persistentId = "657b3f43-ac58-4b6c-8343-6e6e79e922b6";
         mode = "Ignore";
   };
   new TSStatic() {
      shapeName = "/levels/italy/art/shapes/misc/concrete_road_barrier_a.dae";
      dynamic = "0";
      playAmbient = "1";
      meshCulling = "0";
      originSort = "0";
      useInstanceRenderData = "0";
      instanceColor = "White";
      instanceColor1 = "White";
      instanceColor2 = "White";
      collisionType = "Collision Mesh";
      decalType = "Collision Mesh";
      prebuildCollisionData = "0";
      renderNormals = "0";
      forceDetail = "-1";
      position = "609.457031 894.262207 174.52005";
      scale = "1 1 1";
      rotationMatrix = "0.40389809 -0.914800107 0.00268995739 0.914799452 0.403903663 0.00199543615 -0.00291190855 0.0016548183 0.999994397";
      isRenderEnabled = "false";
      canSave = "1";
      canSaveDynamicFields = "1";
      persistentId = "ec5b28c4-62d1-4022-966c-7f478f99c802";
         mode = "Ignore";
   };
   new TSStatic() {
      shapeName = "/levels/italy/art/shapes/misc/concrete_road_barrier_b.dae";
      dynamic = "0";
      playAmbient = "1";
      meshCulling = "0";
      originSort = "0";
      useInstanceRenderData = "0";
      instanceColor = "White";
      instanceColor1 = "White";
      instanceColor2 = "White";
      collisionType = "Collision Mesh";
      decalType = "Collision Mesh";
      prebuildCollisionData = "0";
      renderNormals = "0";
      forceDetail = "-1";
      position = "361.451813 1305.1803 168.007111";
      scale = "1 1 1";
      rotationMatrix = "-0.884265542 0.466965705 -0.00419538328 -0.466980547 -0.884259522 0.00379298092 -0.00193861546 0.00531316409 0.999984026";
      isRenderEnabled = "false";
      canSave = "1";
      canSaveDynamicFields = "1";
      persistentId = "30942e1a-3e23-42ed-954d-52ec809c7410";
         mode = "Ignore";
   };
   new TSStatic() {
      shapeName = "/levels/italy/art/shapes/misc/concrete_road_barrier_b.dae";
      dynamic = "0";
      playAmbient = "1";
      meshCulling = "0";
      originSort = "0";
      useInstanceRenderData = "0";
      instanceColor = "White";
      instanceColor1 = "White";
      instanceColor2 = "White";
      collisionType = "Collision Mesh";
      decalType = "Collision Mesh";
      prebuildCollisionData = "0";
      renderNormals = "0";
      forceDetail = "-1";
      position = "355.27478 1308.17004 167.962463";
      scale = "1 1 1";
      rotationMatrix = "0.906957328 -0.419510543 0.0379410088 0.420034528 0.907483578 -0.00670851581 -0.0316165425 0.0220208652 0.999257505";
      isRenderEnabled = "false";
      canSave = "1";
      canSaveDynamicFields = "1";
      persistentId = "16a87814-be16-4f6c-bc6d-8951621a39a3";
         mode = "Ignore";
   };
   new TSStatic() {
      shapeName = "/levels/italy/art/shapes/misc/concrete_road_barrier_a.dae";
      dynamic = "0";
      playAmbient = "1";
      meshCulling = "0";
      originSort = "0";
      useInstanceRenderData = "0";
      instanceColor = "White";
      instanceColor1 = "White";
      instanceColor2 = "White";
      collisionType = "Collision Mesh";
      decalType = "Collision Mesh";
      prebuildCollisionData = "0";
      renderNormals = "0";
      forceDetail = "-1";
      position = "358.338654 1306.7373 168.009003";
      scale = "1 1 1";
      rotationMatrix = "0.901253819 -0.433283389 0.00268995785 0.433279276 0.901257575 0.00199543452 -0.00328893308 -0.000632889976 0.999994397";
      isRenderEnabled = "false";
      canSave = "1";
      canSaveDynamicFields = "1";
      persistentId = "ca6a583b-43d0-472f-b13d-756f033ee7f0";
         mode = "Ignore";
   };
   new TSStatic() {
      shapeName = "/levels/italy/art/shapes/misc/concrete_road_barrier_b.dae";
      dynamic = "0";
      playAmbient = "1";
      meshCulling = "0";
      originSort = "0";
      useInstanceRenderData = "0";
      instanceColor = "White";
      instanceColor1 = "White";
      instanceColor2 = "White";
      collisionType = "Collision Mesh";
      decalType = "Collision Mesh";
      prebuildCollisionData = "0";
      renderNormals = "0";
      forceDetail = "-1";
      position = "205.828949 1560.36328 174.28598";
      scale = "1 1 1";
      rotationMatrix = "-0.22461465 0.974394977 -0.0101279132 -0.967827141 -0.224286035 -0.114046432 -0.113397822 -0.0158144142 0.9934237";
      isRenderEnabled = "false";
      canSave = "1";
      canSaveDynamicFields = "1";
      persistentId = "2b0b90f5-e0d1-424f-991a-ffa06435584e";
         mode = "Ignore";
   };
   new TSStatic() {
      shapeName = "/levels/italy/art/shapes/misc/concrete_road_barrier_a.dae";
      dynamic = "0";
      playAmbient = "1";
      meshCulling = "0";
      originSort = "0";
      useInstanceRenderData = "0";
      instanceColor = "White";
      instanceColor1 = "White";
      instanceColor2 = "White";
      collisionType = "Collision Mesh";
      decalType = "Collision Mesh";
      prebuildCollisionData = "0";
      renderNormals = "0";
      forceDetail = "-1";
      position = "204.259995 1563.53394 174.280243";
      scale = "1 1 1";
      rotationMatrix = "-0.560064912 0.828442395 0.00326038548 -0.82116431 -0.554615319 -0.134502903 -0.10961964 -0.0780076683 0.990907907";
      isRenderEnabled = "false";
      canSave = "1";
      canSaveDynamicFields = "1";
      persistentId = "cb3c4897-7ca6-4d6d-a95d-05c4a61722d0";
         mode = "Ignore";
   };
   new TSStatic() {
      shapeName = "/levels/italy/art/shapes/misc/concrete_road_barrier_b.dae";
      dynamic = "0";
      playAmbient = "1";
      meshCulling = "0";
      originSort = "0";
      useInstanceRenderData = "0";
      instanceColor = "White";
      instanceColor1 = "White";
      instanceColor2 = "White";
      collisionType = "Collision Mesh";
      decalType = "Collision Mesh";
      prebuildCollisionData = "0";
      renderNormals = "0";
      forceDetail = "-1";
      position = "201.617798 1565.96082 174.211899";
      scale = "1 1 1";
      rotationMatrix = "0.824239016 -0.566146851 -0.0104082795 0.564140618 0.822622657 -0.0709777847 0.0487459637 0.0526308864 0.997423589";
      isRenderEnabled = "false";
      canSave = "1";
      canSaveDynamicFields = "1";
      persistentId = "9a53c91b-f483-4bee-93b0-d61d07b99517";
         mode = "Ignore";
   };
   new TSStatic() {
      shapeName = "/levels/italy/art/shapes/misc/concrete_road_barrier_b.dae";
      dynamic = "0";
      playAmbient = "1";
      meshCulling = "0";
      originSort = "0";
      useInstanceRenderData = "0";
      instanceColor = "White";
      instanceColor1 = "White";
      instanceColor2 = "White";
      collisionType = "Collision Mesh";
      decalType = "Collision Mesh";
      prebuildCollisionData = "0";
      renderNormals = "0";
      forceDetail = "-1";
      position = "572.233093 888.25238 172.671326";
      scale = "1 1 1";
      rotationMatrix = "0.417620808 -0.908408105 0.019685626 0.908604503 0.417382628 -0.0151581243 0.00555332657 0.0242167972 0.999691367";
      isRenderEnabled = "false";
      canSave = "1";
      canSaveDynamicFields = "1";
      persistentId = "26eb14cb-e313-46b8-8e50-e3fcf63f9185";
         mode = "Ignore";
   };
   new TSStatic() {
      shapeName = "/levels/italy/art/shapes/misc/concrete_road_barrier_a.dae";
      dynamic = "0";
      playAmbient = "1";
      meshCulling = "0";
      originSort = "0";
      useInstanceRenderData = "0";
      instanceColor = "White";
      instanceColor1 = "White";
      instanceColor2 = "White";
      collisionType = "Collision Mesh";
      decalType = "Collision Mesh";
      prebuildCollisionData = "0";
      renderNormals = "0";
      forceDetail = "-1";
      position = "573.641663 885.165039 172.718536";
      scale = "1 1 1";
      rotationMatrix = "0.40389809 -0.914800107 0.00268995739 0.914799452 0.403903663 0.00199543615 -0.00291190855 0.0016548183 0.999994397";
      isRenderEnabled = "false";
      canSave = "1";
      canSaveDynamicFields = "1";
      persistentId = "3405c7f7-6af1-402f-927a-e0654e6df978";
         mode = "Ignore";
   };
   new TSStatic() {
      shapeName = "/levels/italy/art/shapes/misc/concrete_road_barrier_b.dae";
      dynamic = "0";
      playAmbient = "1";
      meshCulling = "0";
      originSort = "0";
      useInstanceRenderData = "0";
      instanceColor = "White";
      instanceColor1 = "White";
      instanceColor2 = "White";
      collisionType = "Collision Mesh";
      decalType = "Collision Mesh";
      prebuildCollisionData = "0";
      renderNormals = "0";
      forceDetail = "-1";
      position = "574.997559 881.959045 172.651917";
      scale = "1 1 1";
      rotationMatrix = "-0.369104981 0.929378271 -0.00419538142 -0.929385662 -0.369090796 0.00379297975 0.00197663624 0.00529913465 0.999984026";
      isRenderEnabled = "false";
      canSave = "1";
      canSaveDynamicFields = "1";
      persistentId = "d4a2403f-4d58-4436-a277-b6f56f1ed31a";
         mode = "Ignore";
   };
   new TSStatic() {
      shapeName = "/levels/italy/art/shapes/misc/concrete_road_barrier_b.dae";
      dynamic = "0";
      playAmbient = "1";
      meshCulling = "0";
      originSort = "0";
      useInstanceRenderData = "0";
      instanceColor = "White";
      instanceColor1 = "White";
      instanceColor2 = "White";
      collisionType = "Collision Mesh";
      decalType = "Collision Mesh";
      prebuildCollisionData = "0";
      renderNormals = "0";
      forceDetail = "-1";
      position = "556.137451 879.65686 172.649963";
      scale = "1 1 1";
      rotationMatrix = "0.492637545 -0.870224535 -0.00419537164 0.870233774 0.492624462 0.00379298045 -0.00123400218 -0.00551951863 0.999984086";
      isRenderEnabled = "false";
      canSave = "1";
      canSaveDynamicFields = "1";
      persistentId = "1761e7d7-12c5-4fc8-93ef-b7e8009144ab";
         mode = "Ignore";
   };
   new TSStatic() {
      shapeName = "/levels/italy/art/shapes/misc/concrete_road_barrier_b.dae";
      dynamic = "0";
      playAmbient = "1";
      meshCulling = "0";
      originSort = "0";
      useInstanceRenderData = "0";
      instanceColor = "White";
      instanceColor1 = "White";
      instanceColor2 = "White";
      collisionType = "Collision Mesh";
      decalType = "Collision Mesh";
      prebuildCollisionData = "0";
      renderNormals = "0";
      forceDetail = "-1";
      position = "559.735535 873.80011 172.67128";
      scale = "1 1 1";
      rotationMatrix = "-0.537832916 0.842821956 0.0196856428 -0.843048692 -0.537623584 -0.0151581038 -0.00219210633 -0.0247484855 0.999691308";
      isRenderEnabled = "false";
      canSave = "1";
      canSaveDynamicFields = "1";
      persistentId = "88da43a5-e21c-4725-a2de-c9cfd2527f51";
         mode = "Ignore";
   };
   new TSStatic() {
      shapeName = "/levels/italy/art/shapes/misc/concrete_road_barrier_a.dae";
      dynamic = "0";
      playAmbient = "1";
      meshCulling = "0";
      originSort = "0";
      useInstanceRenderData = "0";
      instanceColor = "White";
      instanceColor1 = "White";
      instanceColor2 = "White";
      collisionType = "Collision Mesh";
      decalType = "Collision Mesh";
      prebuildCollisionData = "0";
      renderNormals = "0";
      forceDetail = "-1";
      position = "557.91864 876.666077 172.681854";
      scale = "1 1 1";
      rotationMatrix = "-0.525111437 0.851029277 0.00268995715 -0.851027846 -0.525116861 0.00199543871 0.00311071821 -0.00124140072 0.999994397";
      isRenderEnabled = "false";
      canSave = "1";
      canSaveDynamicFields = "1";
      persistentId = "4436e1cf-901c-4eec-9da0-5f070561a077";
         mode = "Ignore";
   };
   new TSStatic() {
      shapeName = "/levels/italy/art/shapes/misc/concrete_road_barrier_b.dae";
      dynamic = "0";
      playAmbient = "1";
      meshCulling = "0";
      originSort = "0";
      useInstanceRenderData = "0";
      instanceColor = "White";
      instanceColor1 = "White";
      instanceColor2 = "White";
      collisionType = "Collision Mesh";
      decalType = "Collision Mesh";
      prebuildCollisionData = "0";
      renderNormals = "0";
      forceDetail = "-1";
      position = "499.024384 607.41449 178.026642";
      scale = "1 1 1";
      rotationMatrix = "-0.163816661 -0.986400425 -0.01335561 0.985324621 -0.162949726 -0.0508254133 0.0479579642 -0.0214856733 0.998618841";
      isRenderEnabled = "false";
      canSave = "1";
      canSaveDynamicFields = "1";
      persistentId = "101bf788-ac46-4d55-b703-2d9d7933c92c";
         mode = "Ignore";
   };
   new TSStatic() {
      shapeName = "/levels/italy/art/shapes/misc/concrete_road_barrier_a.dae";
      dynamic = "0";
      playAmbient = "1";
      meshCulling = "0";
      originSort = "0";
      useInstanceRenderData = "0";
      instanceColor = "White";
      instanceColor1 = "White";
      instanceColor2 = "White";
      collisionType = "Collision Mesh";
      decalType = "Collision Mesh";
      prebuildCollisionData = "0";
      renderNormals = "0";
      forceDetail = "-1";
      position = "499.062866 603.838379 178.040771";
      scale = "1 1 1";
      rotationMatrix = "0.204353601 -0.978896439 -0.00113186147 0.97792691 0.204202399 -0.0442760624 0.0435727984 0.00794109423 0.999018729";
      isRenderEnabled = "false";
      canSave = "1";
      canSaveDynamicFields = "1";
      persistentId = "715f9095-6d64-4fe9-a048-61f979d964dd";
         mode = "Ignore";
   };
   new TSStatic() {
      shapeName = "/levels/italy/art/shapes/misc/concrete_road_barrier_a.dae";
      dynamic = "0";
      playAmbient = "1";
      meshCulling = "0";
      originSort = "0";
      useInstanceRenderData = "0";
      instanceColor = "White";
      instanceColor1 = "White";
      instanceColor2 = "White";
      collisionType = "Collision Mesh";
      decalType = "Collision Mesh";
      prebuildCollisionData = "0";
      renderNormals = "0";
      forceDetail = "-1";
      position = "659.853516 607.603577 173.791672";
      scale = "1 1 1";
      rotationMatrix = "0.850325704 -0.526249945 0.00268995808 0.52624619 0.850329936 0.00199543964 -0.00333745172 -0.000281193032 0.999994397";
      isRenderEnabled = "false";
      canSave = "1";
      canSaveDynamicFields = "1";
      persistentId = "4a1ba952-61c0-4a0c-a38a-b7979d902f3d";
         mode = "Ignore";
   };
   new TSStatic() {
      shapeName = "/levels/italy/art/shapes/misc/concrete_road_barrier_b.dae";
      dynamic = "0";
      playAmbient = "1";
      meshCulling = "0";
      originSort = "0";
      useInstanceRenderData = "0";
      instanceColor = "White";
      instanceColor1 = "White";
      instanceColor2 = "White";
      collisionType = "Collision Mesh";
      decalType = "Collision Mesh";
      prebuildCollisionData = "0";
      renderNormals = "0";
      forceDetail = "-1";
      position = "662.822144 605.819641 173.759781";
      scale = "1 1 1";
      rotationMatrix = "-0.829868078 0.557943881 -0.00419537257 -0.557957947 -0.829860508 0.00379298977 -0.00136529864 0.00548852282 0.999984026";
      isRenderEnabled = "false";
      canSave = "1";
      canSaveDynamicFields = "1";
      persistentId = "26b28bd9-0989-4743-a3bf-075a2195e00f";
         mode = "Ignore";
   };
   new TSStatic() {
      shapeName = "/levels/italy/art/shapes/misc/concrete_road_barrier_b.dae";
      dynamic = "0";
      playAmbient = "1";
      meshCulling = "0";
      originSort = "0";
      useInstanceRenderData = "0";
      instanceColor = "White";
      instanceColor1 = "White";
      instanceColor2 = "White";
      collisionType = "Collision Mesh";
      decalType = "Collision Mesh";
      prebuildCollisionData = "0";
      renderNormals = "0";
      forceDetail = "-1";
      position = "665.607178 623.334045 173.784424";
      scale = "1 1 1";
      rotationMatrix = "0.857662678 -0.51380688 -0.0204258803 0.513818979 0.857883871 -0.00505614979 0.0201209132 -0.00615873141 0.999778569";
      isRenderEnabled = "false";
      canSave = "1";
      canSaveDynamicFields = "1";
      persistentId = "535e5550-ae60-4214-a804-8fc19476897c";
         mode = "Ignore";
   };
   new TSStatic() {
      shapeName = "/levels/italy/art/shapes/misc/concrete_road_barrier_a.dae";
      dynamic = "0";
      playAmbient = "1";
      meshCulling = "0";
      originSort = "0";
      useInstanceRenderData = "0";
      instanceColor = "White";
      instanceColor1 = "White";
      instanceColor2 = "White";
      collisionType = "Collision Mesh";
      decalType = "Collision Mesh";
      prebuildCollisionData = "0";
      renderNormals = "0";
      forceDetail = "-1";
      position = "668.557861 621.553162 173.821869";
      scale = "1 1 1";
      rotationMatrix = "0.850325704 -0.526249945 0.00268995808 0.52624619 0.850329936 0.00199543964 -0.00333745172 -0.000281193032 0.999994397";
      isRenderEnabled = "false";
      canSave = "1";
      canSaveDynamicFields = "1";
      persistentId = "1a92ab61-7cd7-49fe-b4ba-297748e51364";
         mode = "Ignore";
   };
   new TSStatic() {
      shapeName = "/levels/italy/art/shapes/misc/concrete_road_barrier_b.dae";
      dynamic = "0";
      playAmbient = "1";
      meshCulling = "0";
      originSort = "0";
      useInstanceRenderData = "0";
      instanceColor = "White";
      instanceColor1 = "White";
      instanceColor2 = "White";
      collisionType = "Collision Mesh";
      decalType = "Collision Mesh";
      prebuildCollisionData = "0";
      renderNormals = "0";
      forceDetail = "-1";
      position = "671.526489 619.769226 173.789978";
      scale = "1 1 1";
      rotationMatrix = "-0.829868078 0.557943881 -0.00419537257 -0.557957947 -0.829860508 0.00379298977 -0.00136529864 0.00548852282 0.999984026";
      isRenderEnabled = "false";
      canSave = "1";
      canSaveDynamicFields = "1";
      persistentId = "12ae8344-9b96-4686-8bd8-81877f5f5fe4";
         mode = "Ignore";
   };
   new TSStatic() {
      shapeName = "/levels/italy/art/shapes/misc/concrete_road_barrier_a.dae";
      dynamic = "0";
      playAmbient = "1";
      meshCulling = "0";
      originSort = "0";
      useInstanceRenderData = "0";
      instanceColor = "White";
      instanceColor1 = "White";
      instanceColor2 = "White";
      collisionType = "Collision Mesh";
      decalType = "Collision Mesh";
      prebuildCollisionData = "0";
      renderNormals = "0";
      forceDetail = "-1";
      position = "844.205566 459.070038 179.615417";
      scale = "1 1 1";
      rotationMatrix = "-0.93915844 0.340520084 -0.0450308919 -0.340155751 -0.940237164 -0.0157434084 -0.0477006435 0.00053197646 0.998861492";
      isRenderEnabled = "false";
      canSave = "1";
      canSaveDynamicFields = "1";
      persistentId = "93cd9e29-0ced-42f7-bd53-f40e17fe2200";
         mode = "Ignore";
   };
   new TSStatic() {
      shapeName = "/levels/italy/art/shapes/misc/concrete_road_barrier_a.dae";
      dynamic = "0";
      playAmbient = "1";
      meshCulling = "0";
      originSort = "0";
      useInstanceRenderData = "0";
      instanceColor = "White";
      instanceColor1 = "White";
      instanceColor2 = "White";
      collisionType = "Collision Mesh";
      decalType = "Collision Mesh";
      prebuildCollisionData = "0";
      renderNormals = "0";
      forceDetail = "-1";
      position = "868.18457 472.860077 179.736298";
      scale = "1 1 1";
      rotationMatrix = "-0.940011203 0.340520024 -0.0206245705 -0.34044984 -0.940237164 -0.00690380856 -0.0217428524 0.000531972153 0.999763429";
      isRenderEnabled = "false";
      canSave = "1";
      canSaveDynamicFields = "1";
      persistentId = "8a7b5d8a-cb41-4409-b09d-629486fb9633";
         mode = "Ignore";
   };
   new TSStatic() {
      shapeName = "/levels/italy/art/shapes/misc/concrete_road_barrier_b.dae";
      dynamic = "0";
      playAmbient = "1";
      meshCulling = "0";
      originSort = "0";
      useInstanceRenderData = "0";
      instanceColor = "White";
      instanceColor1 = "White";
      instanceColor2 = "White";
      collisionType = "Collision Mesh";
      decalType = "Collision Mesh";
      prebuildCollisionData = "0";
      renderNormals = "0";
      forceDetail = "-1";
      position = "656.916382 609.38446 173.722336";
      scale = "1 1 1";
      rotationMatrix = "0.857905149 -0.51380682 -0.00124204252 0.513803601 0.857883811 0.00643493235 -0.00224077981 -0.00615872908 0.999978423";
      isRenderEnabled = "false";
      canSave = "1";
      canSaveDynamicFields = "1";
      persistentId = "6b40cf45-7ee6-4ec0-b347-5dbb4ab0a840";
         mode = "Ignore";
   };
   new TSStatic() {
      shapeName = "/levels/italy/art/shapes/misc/concrete_road_barrier_b.dae";
      dynamic = "0";
      playAmbient = "1";
      meshCulling = "0";
      originSort = "0";
      useInstanceRenderData = "0";
      instanceColor = "White";
      instanceColor1 = "White";
      instanceColor2 = "White";
      collisionType = "Collision Mesh";
      decalType = "Collision Mesh";
      prebuildCollisionData = "0";
      renderNormals = "0";
      forceDetail = "-1";
      position = "1257.81299 631.601196 202.326721";
      scale = "1 1 1";
      rotationMatrix = "0.824270844 -0.566146851 -0.00748944841 0.564388096 0.822623134 -0.0689797029 0.0452136062 0.0526309982 0.997589886";
      isRenderEnabled = "false";
      canSave = "1";
      canSaveDynamicFields = "1";
      persistentId = "76292486-0795-450d-b374-9a525b229127";
         mode = "Ignore";
   };
   new TSStatic() {
      shapeName = "/levels/italy/art/shapes/misc/concrete_road_barrier_a.dae";
      dynamic = "0";
      playAmbient = "1";
      meshCulling = "0";
      originSort = "0";
      useInstanceRenderData = "0";
      instanceColor = "White";
      instanceColor1 = "White";
      instanceColor2 = "White";
      collisionType = "Collision Mesh";
      decalType = "Collision Mesh";
      prebuildCollisionData = "0";
      renderNormals = "0";
      forceDetail = "-1";
      position = "1260.40125 629.174377 202.261887";
      scale = "1 1 1";
      rotationMatrix = "-0.557241917 0.828442574 0.0562588423 -0.83020848 -0.554615498 -0.0561714396 -0.0153327566 -0.0780076534 0.996834874";
      isRenderEnabled = "false";
      canSave = "1";
      canSaveDynamicFields = "1";
      persistentId = "dc0a140b-ae56-49c3-af35-f8f4487230c4";
         mode = "Ignore";
   };
   new TSStatic() {
      shapeName = "/levels/italy/art/shapes/misc/concrete_road_barrier_b.dae";
      dynamic = "0";
      playAmbient = "1";
      meshCulling = "0";
      originSort = "0";
      useInstanceRenderData = "0";
      instanceColor = "White";
      instanceColor1 = "White";
      instanceColor2 = "White";
      collisionType = "Collision Mesh";
      decalType = "Collision Mesh";
      prebuildCollisionData = "0";
      renderNormals = "0";
      forceDetail = "-1";
      position = "1261.9541 626.042664 202.017776";
      scale = "1 1 1";
      rotationMatrix = "-0.218576372 0.972997248 0.0741588548 -0.975631177 -0.216410801 -0.0361769348 -0.0191512927 -0.0802591667 0.996589839";
      isRenderEnabled = "false";
      canSave = "1";
      canSaveDynamicFields = "1";
      persistentId = "49f1f2d3-beb2-417f-8f96-912702b9c590";
         mode = "Ignore";
   };
   new TSStatic() {
      shapeName = "/levels/italy/art/shapes/misc/concrete_road_barrier_a.dae";
      dynamic = "0";
      playAmbient = "1";
      meshCulling = "0";
      originSort = "0";
      useInstanceRenderData = "0";
      instanceColor = "White";
      instanceColor1 = "White";
      instanceColor2 = "White";
      collisionType = "Collision Mesh";
      decalType = "Collision Mesh";
      prebuildCollisionData = "0";
      renderNormals = "0";
      forceDetail = "-1";
      position = "1069.35742 559.703247 181.813477";
      scale = "1 1 1";
      rotationMatrix = "-0.576841295 -0.816848099 -0.00364445709 0.816836774 -0.576852381 0.00432884693 -0.00563829811 -0.000479864888 0.999984026";
      isRenderEnabled = "false";
      canSave = "1";
      canSaveDynamicFields = "1";
      persistentId = "17f3d29d-7bab-4d80-a9d0-0cf1368d2314";
         mode = "Ignore";
   };
   new TSStatic() {
      shapeName = "/levels/italy/art/shapes/misc/concrete_road_barrier_a.dae";
      dynamic = "0";
      playAmbient = "1";
      meshCulling = "0";
      originSort = "0";
      useInstanceRenderData = "0";
      instanceColor = "White";
      instanceColor1 = "White";
      instanceColor2 = "White";
      collisionType = "Collision Mesh";
      decalType = "Collision Mesh";
      prebuildCollisionData = "0";
      renderNormals = "0";
      forceDetail = "-1";
      position = "971.331482 636.872437 189.785202";
      scale = "1 1 1";
      rotationMatrix = "-0.846366227 0.532283247 -0.0184161682 -0.532268167 -0.846553683 -0.00610398874 -0.0188393071 0.00463612983 0.999811828";
      isRenderEnabled = "false";
      canSave = "1";
      canSaveDynamicFields = "1";
      persistentId = "bf941f66-6297-4db0-b017-08ff95b2ae79";
         mode = "Ignore";
   };
   new TSStatic() {
      shapeName = "/levels/italy/art/shapes/misc/concrete_road_barrier_b.dae";
      dynamic = "0";
      playAmbient = "1";
      meshCulling = "0";
      originSort = "0";
      useInstanceRenderData = "0";
      instanceColor = "White";
      instanceColor1 = "White";
      instanceColor2 = "White";
      collisionType = "Collision Mesh";
      decalType = "Collision Mesh";
      prebuildCollisionData = "0";
      renderNormals = "0";
      forceDetail = "-1";
      position = "872.757751 751.41272 180.411499";
      scale = "1 1 1";
      rotationMatrix = "0.947859108 0.315886319 0.0421882905 -0.314579427 0.94859159 -0.0348488539 -0.0510277487 0.0197602399 0.998501718";
      isRenderEnabled = "false";
      canSave = "1";
      canSaveDynamicFields = "1";
      persistentId = "23d3b507-9a1d-4558-be0b-11ad3e0e19f9";
         mode = "Ignore";
   };
   new TSStatic() {
      shapeName = "/levels/italy/art/shapes/misc/concrete_road_barrier_b.dae";
      dynamic = "0";
      playAmbient = "1";
      meshCulling = "0";
      originSort = "0";
      useInstanceRenderData = "0";
      instanceColor = "White";
      instanceColor1 = "White";
      instanceColor2 = "White";
      collisionType = "Collision Mesh";
      decalType = "Collision Mesh";
      prebuildCollisionData = "0";
      renderNormals = "0";
      forceDetail = "-1";
      position = "880.791138 750.79187 180.678146";
      scale = "1 1 1";
      rotationMatrix = "-0.909923136 0.413089931 -0.0373867676 -0.412969768 -0.910676003 -0.0112386495 -0.0386897773 0.00521330815 0.999238193";
      isRenderEnabled = "false";
      canSave = "1";
      canSaveDynamicFields = "1";
      persistentId = "b07286a3-18e3-4902-8521-e65713d5d3b5";
         mode = "Ignore";
   };
   new TSStatic() {
      shapeName = "/levels/italy/art/shapes/misc/concrete_road_barrier_a.dae";
      dynamic = "0";
      playAmbient = "1";
      meshCulling = "0";
      originSort = "0";
      useInstanceRenderData = "0";
      instanceColor = "White";
      instanceColor1 = "White";
      instanceColor2 = "White";
      collisionType = "Collision Mesh";
      decalType = "Collision Mesh";
      prebuildCollisionData = "0";
      renderNormals = "0";
      forceDetail = "-1";
      position = "876.917847 751.878052 180.572357";
      scale = "1 1 1";
      rotationMatrix = "-0.998291075 0.0554609634 -0.0184161589 -0.0553570837 -0.998448074 -0.00610398781 -0.0187261067 -0.00507409032 0.999811828";
      isRenderEnabled = "false";
      canSave = "1";
      canSaveDynamicFields = "1";
      persistentId = "7460b099-f711-4aa1-b036-6ba63dac1695";
         mode = "Ignore";
   };
   new TSStatic() {
      shapeName = "/levels/italy/art/shapes/misc/concrete_road_barrier_b.dae";
      dynamic = "0";
      playAmbient = "1";
      meshCulling = "0";
      originSort = "0";
      useInstanceRenderData = "0";
      instanceColor = "White";
      instanceColor1 = "White";
      instanceColor2 = "White";
      collisionType = "Collision Mesh";
      decalType = "Collision Mesh";
      prebuildCollisionData = "0";
      renderNormals = "0";
      forceDetail = "-1";
      position = "724.587036 743.987305 177.959152";
      scale = "1 1 1";
      rotationMatrix = "-0.900318444 0.435211718 -0.0041953628 -0.435226768 -0.900313079 0.00379298488 -0.00212638266 0.00524081709 0.999983907";
      isRenderEnabled = "false";
      canSave = "1";
      canSaveDynamicFields = "1";
      persistentId = "36a55bad-aa61-4c15-a640-a9097bf065cb";
         mode = "Ignore";
   };
   new TSStatic() {
      shapeName = "/levels/italy/art/shapes/misc/concrete_road_barrier_b.dae";
      dynamic = "0";
      playAmbient = "1";
      meshCulling = "0";
      originSort = "0";
      useInstanceRenderData = "0";
      instanceColor = "White";
      instanceColor1 = "White";
      instanceColor2 = "White";
      collisionType = "Collision Mesh";
      decalType = "Collision Mesh";
      prebuildCollisionData = "0";
      renderNormals = "0";
      forceDetail = "-1";
      position = "718.223816 746.680908 177.953598";
      scale = "1 1 1";
      rotationMatrix = "0.921604276 -0.38759312 -0.0204259008 0.387573838 0.921824872 -0.00505614933 0.0207888335 -0.00325677893 0.999778569";
      isRenderEnabled = "false";
      canSave = "1";
      canSaveDynamicFields = "1";
      persistentId = "b493c0d8-2f92-486a-82dd-5b37716c793b";
         mode = "Ignore";
   };
   new TSStatic() {
      shapeName = "/levels/italy/art/shapes/misc/concrete_road_barrier_a.dae";
      dynamic = "0";
      playAmbient = "1";
      meshCulling = "0";
      originSort = "0";
      useInstanceRenderData = "0";
      instanceColor = "White";
      instanceColor1 = "White";
      instanceColor2 = "White";
      collisionType = "Collision Mesh";
      decalType = "Collision Mesh";
      prebuildCollisionData = "0";
      renderNormals = "0";
      forceDetail = "-1";
      position = "721.37323 745.398987 177.952499";
      scale = "1 1 1";
      rotationMatrix = "0.933615208 -0.358267099 0.00268995576 0.358262777 0.933618546 0.00199544104 -0.00322628953 -0.000899264647 0.999994338";
      isRenderEnabled = "false";
      canSave = "1";
      canSaveDynamicFields = "1";
      persistentId = "ac0bba72-c5ba-42f7-af68-6c29e5179285";
         mode = "Ignore";
   };
   new TSStatic() {
      shapeName = "/levels/italy/art/shapes/misc/concrete_road_barrier_b.dae";
      dynamic = "0";
      playAmbient = "1";
      meshCulling = "0";
      originSort = "0";
      useInstanceRenderData = "0";
      instanceColor = "White";
      instanceColor1 = "White";
      instanceColor2 = "White";
      collisionType = "Collision Mesh";
      decalType = "Collision Mesh";
      prebuildCollisionData = "0";
      renderNormals = "0";
      forceDetail = "-1";
      position = "735.375732 768.848755 177.650894";
      scale = "1 1 1";
      rotationMatrix = "-0.918942451 0.393039942 -0.0326268412 -0.392930865 -0.919514775 -0.00995405763 -0.0339131691 0.00367289851 0.99941802";
      isRenderEnabled = "false";
      canSave = "1";
      canSaveDynamicFields = "1";
      persistentId = "43f5b53b-38da-44dd-98dd-1cff77f4a284";
         mode = "Ignore";
   };
   new TSStatic() {
      shapeName = "/levels/italy/art/shapes/misc/concrete_road_barrier_b.dae";
      dynamic = "0";
      playAmbient = "1";
      meshCulling = "0";
      originSort = "0";
      useInstanceRenderData = "0";
      instanceColor = "White";
      instanceColor1 = "White";
      instanceColor2 = "White";
      collisionType = "Collision Mesh";
      decalType = "Collision Mesh";
      prebuildCollisionData = "0";
      renderNormals = "0";
      forceDetail = "-1";
      position = "728.84552 771.242249 177.756714";
      scale = "1 1 1";
      rotationMatrix = "0.936444819 -0.344558358 -0.0659604073 0.343706846 0.938765168 -0.0242096949 0.0702629983 -2.32539143e-09 0.997528434";
      isRenderEnabled = "false";
      canSave = "1";
      canSaveDynamicFields = "1";
      persistentId = "0599ccbf-e0df-49df-b873-8ff2a364eab0";
         mode = "Ignore";
   };
   new TSStatic() {
      shapeName = "/levels/italy/art/shapes/misc/concrete_road_barrier_a.dae";
      dynamic = "0";
      playAmbient = "1";
      meshCulling = "0";
      originSort = "0";
      useInstanceRenderData = "0";
      instanceColor = "White";
      instanceColor1 = "White";
      instanceColor2 = "White";
      collisionType = "Collision Mesh";
      decalType = "Collision Mesh";
      prebuildCollisionData = "0";
      renderNormals = "0";
      forceDetail = "-1";
      position = "732.067139 770.108337 177.607559";
      scale = "1 1 1";
      rotationMatrix = "0.949040174 -0.314616233 -0.0184161384 0.314556956 0.949218988 -0.00610398222 0.0194013603 -7.27562344e-10 0.999811649";
      isRenderEnabled = "false";
      canSave = "1";
      canSaveDynamicFields = "1";
      persistentId = "5f64b9ec-d6be-44d8-8876-b25f8bd43d33";
         mode = "Ignore";
   };
   new DecalRoad() {
      drivability = "-1";
      lanesLeft = "1";
      lanesRight = "1";
      oneWay = "0";
      flipDirection = "0";
      gatedRoad = "0";
      useSubdivisions = "1";
      improvedSpline = "0";
      startTangent = "0";
      endTangent = "0";
      looped = "0";
      smoothness = "0.5";
      Detail = "0.100000001";
      overObjects = "0";
      Material = "checkered_line";
      textureLength = "5";
      breakAngle = "3";
      renderPriority = "10";
      zBias = "0";
      decalBias = "0.000500000024";
      distanceFade = "0 0";
      startEndFade = "0 0";
      hiddenInNavi = "0";
      position = "729.818787 766.146057 177.7603";
      scale = "1 1 1";
      rotationMatrix = "1 0 0 0 1 0 0 0 1";
      canSave = "1";
      canSaveDynamicFields = "1";
      persistentId = "4a8e8b56-9a73-45da-a8ef-b9225a7fdfa8";
         mode = "Ignore";

      Node = "729.818787 766.146057 177.760300 0.500000";
      Node = "721.976257 748.014465 177.971832 0.500000";
   };
   new TSStatic() {
      shapeName = "/levels/italy/art/shapes/misc/concrete_road_barrier_a.dae";
      dynamic = "0";
      playAmbient = "1";
      meshCulling = "0";
      originSort = "0";
      useInstanceRenderData = "1";
      instanceColor = "White";
      instanceColor1 = "White";
      instanceColor2 = "White";
      collisionType = "Collision Mesh";
      decalType = "Collision Mesh";
      prebuildCollisionData = "0";
      renderNormals = "0";
      forceDetail = "-1";
      position = "197.974838 1404.2251 187.422165";
      scale = "1 1 1";
