//--- OBJECT WRITE BEGIN ---
$ThisPrefab = new SimGroup() {
   canSave = "1";
   canSaveDynamicFields = "1";
      groupPosition = "0 0 0";

   new TSStatic() {
      shapeName = "/levels/italy/art/shapes/race/sign_arrows.dae";
      dynamic = "0";
      playAmbient = "1";
      meshCulling = "0";
      originSort = "0";
      useInstanceRenderData = "0";
      instanceColor = "White";
      instanceColor1 = "White";
      instanceColor2 = "White";
      collisionType = "Collision Mesh";
      decalType = "Collision Mesh";
      prebuildCollisionData = "0";
      renderNormals = "0";
      forceDetail = "-1";
      position = "674.238464 446.855286 175.816193";
      scale = "1.5 1.5 1.5";
      rotationMatrix = "-0.678091407 -0.72993356 -0.0859616473 0.685774088 -0.670427799 0.283269554 -0.264399141 0.133132696 0.955180347";
      isRenderEnabled = "false";
      canSave = "1";
      canSaveDynamicFields = "1";
      persistentId = "8dc54b9e-c017-4774-b654-c0d87867ca7e";
         mode = "Ignore";
   };
   new TSStatic() {
      shapeName = "/levels/italy/art/shapes/race/sign_arrows.dae";
      dynamic = "0";
      playAmbient = "1";
      meshCulling = "0";
      originSort = "0";
      useInstanceRenderData = "0";
      instanceColor = "White";
      instanceColor1 = "White";
      instanceColor2 = "White";
      collisionType = "Collision Mesh";
      decalType = "Collision Mesh";
      prebuildCollisionData = "0";
      renderNormals = "0";
      forceDetail = "-1";
      position = "788.067078 386.860992 179.070847";
      scale = "1.5 1.5 1.5";
      rotationMatrix = "0.620553732 0.784079909 -0.0114845484 -0.733286142 0.585418522 0.345800012 0.277857989 -0.206165865 0.938238263";
      isRenderEnabled = "false";
      canSave = "1";
      canSaveDynamicFields = "1";
      persistentId = "6ffae08d-dc35-4970-b574-0f93efd2203e";
         mode = "Ignore";
   };
   new TSStatic(sing_finish1) {
      shapeName = "/levels/italy/art/shapes/race/sign_finish.dae";
      dynamic = "0";
      playAmbient = "1";
      meshCulling = "0";
      originSort = "0";
      useInstanceRenderData = "0";
      instanceColor = "White";
      instanceColor1 = "White";
      instanceColor2 = "White";
      collisionType = "Collision Mesh";
      decalType = "Collision Mesh";
      prebuildCollisionData = "0";
      renderNormals = "0";
      forceDetail = "-1";
      position = "753.238403 421.799042 178.106155";
      scale = "1 1 1";
      rotationMatrix = "-0.650484443 -0.759519398 0 0.759519398 -0.650484443 0 0 0 1";
      isRenderEnabled = "false";
      canSave = "1";
      canSaveDynamicFields = "1";
      persistentId = "cc2d3546-de7a-4b59-ae8e-73f1f3ea6407";
         mode = "Ignore";
   };
   new TSStatic(sing_finish2) {
      shapeName = "/levels/italy/art/shapes/race/sign_finish.dae";
      dynamic = "0";
      playAmbient = "1";
      meshCulling = "0";
      originSort = "0";
      useInstanceRenderData = "0";
      instanceColor = "White";
      instanceColor1 = "White";
      instanceColor2 = "White";
      collisionType = "Collision Mesh";
      decalType = "Collision Mesh";
      prebuildCollisionData = "0";
      renderNormals = "0";
      forceDetail = "-1";
      position = "749.991577 418.20929 178.106155";
      scale = "1 1 1";
      rotationMatrix = "-0.650484443 -0.759519398 0 0.759519398 -0.650484443 0 0 0 1";
      isRenderEnabled = "false";
      canSave = "1";
      canSaveDynamicFields = "1";
      persistentId = "a1fb437b-beba-4d9a-a34d-779d7388975a";
         mode = "Ignore";
   };
};
//--- OBJECT WRITE END ---

















