//--- OBJECT WRITE BEGIN ---
$ThisPrefab = new SimGroup() {
   canSave = "1";
   canSaveDynamicFields = "1";
      groupPosition = "0 0 0";

   new TSStatic() {
      shapeName = "/levels/italy/art/shapes/race/sign_arrows.dae";
      dynamic = "0";
      playAmbient = "1";
      meshCulling = "0";
      originSort = "0";
      useInstanceRenderData = "0";
      instanceColor = "White";
      instanceColor1 = "White";
      instanceColor2 = "White";
      collisionType = "Collision Mesh";
      decalType = "Collision Mesh";
      prebuildCollisionData = "0";
      renderNormals = "0";
      forceDetail = "-1";
      position = "786.482178 391.921234 179.086456";
      scale = "1.5 1.5 1.5";
      rotationMatrix = "0.804887056 -0.593426287 0.00106090109 0.52867502 0.716247201 -0.455513835 0.269554198 0.367197871 0.890227854";
      isRenderEnabled = "false";
      canSave = "1";
      canSaveDynamicFields = "1";
      persistentId = "6d2a316c-5610-4524-8e70-0cf5f5225a7c";
         mode = "Ignore";
   };
   new TSStatic() {
      shapeName = "/levels/italy/art/shapes/race/sign_arrows.dae";
      dynamic = "0";
      playAmbient = "1";
      meshCulling = "0";
      originSort = "0";
      useInstanceRenderData = "0";
      instanceColor = "White";
      instanceColor1 = "White";
      instanceColor2 = "White";
      collisionType = "Collision Mesh";
      decalType = "Collision Mesh";
      prebuildCollisionData = "0";
      renderNormals = "0";
      forceDetail = "-1";
      position = "672.522278 441.815948 175.368927";
      scale = "1.5 1.5 1.5";
      rotationMatrix = "-0.705920875 0.708289683 0.00106118154 -0.63088131 -0.628088772 -0.455513924 -0.32196933 -0.322226197 0.890228033";
      isRenderEnabled = "false";
      canSave = "1";
      canSaveDynamicFields = "1";
      persistentId = "117ec9a8-192e-40ce-8f78-e2c5957c8d68";
         mode = "Ignore";
   };
   new TSStatic(sign_finish2) {
      shapeName = "/levels/italy/art/shapes/race/sign_finish.dae";
      dynamic = "0";
      playAmbient = "1";
      meshCulling = "0";
      originSort = "0";
      useInstanceRenderData = "0";
      instanceColor = "White";
      instanceColor1 = "White";
      instanceColor2 = "White";
      collisionType = "Collision Mesh";
      decalType = "Collision Mesh";
      prebuildCollisionData = "0";
      renderNormals = "0";
      forceDetail = "-1";
      position = "753.283447 421.67688 178.137131";
      scale = "1 1 1";
      rotationMatrix = "0.737133741 0.675746799 0 -0.675746799 0.737133741 0 0 0 1";
      isRenderEnabled = "false";
      canSave = "1";
      canSaveDynamicFields = "1";
      persistentId = "1473656c-ce17-4132-ae1f-f0d69309939e";
         mode = "Ignore";
   };
   new TSStatic(sign_finish1) {
      shapeName = "/levels/italy/art/shapes/race/sign_finish.dae";
      dynamic = "0";
      playAmbient = "1";
      meshCulling = "0";
      originSort = "0";
      useInstanceRenderData = "0";
      instanceColor = "White";
      instanceColor1 = "White";
      instanceColor2 = "White";
      collisionType = "Collision Mesh";
      decalType = "Collision Mesh";
      prebuildCollisionData = "0";
      renderNormals = "0";
      forceDetail = "-1";
      position = "750.114502 418.189056 178.137131";
      scale = "1 1 1";
      rotationMatrix = "0.737133741 0.675746799 0 -0.675746799 0.737133741 0 0 0 1";
      isRenderEnabled = "false";
      canSave = "1";
      canSaveDynamicFields = "1";
      persistentId = "3a98eb87-d84a-4cd6-a3e9-a09e84daf129";
         mode = "Ignore";
   };
   new TSStatic() {
      shapeName = "/levels/italy/art/shapes/race/sign_checkpoint.dae";
      dynamic = "0";
      playAmbient = "1";
      meshCulling = "0";
      originSort = "0";
      useInstanceRenderData = "0";
      instanceColor = "White";
      instanceColor1 = "White";
      instanceColor2 = "White";
      collisionType = "Collision Mesh";
      decalType = "Collision Mesh";
      prebuildCollisionData = "0";
      renderNormals = "0";
      forceDetail = "-1";
      position = "762.956665 371.129364 176.776291";
      scale = "1 1 1";
      rotationMatrix = "0.726784408 -0.686866045 -9.4587449e-11 0.686865687 0.72678417 -0.000690534711 0.000474304659 0.000501869479 0.999999762";
      isRenderEnabled = "false";
      canSave = "1";
      canSaveDynamicFields = "1";
      persistentId = "f7b4634c-38d3-469e-88bb-f4acce82041a";
         mode = "Ignore";
   };
};
//--- OBJECT WRITE END ---

















