//--- OBJECT WRITE BEGIN ---
$ThisPrefab = new SimGroup() {
   canSave = "1";
   canSaveDynamicFields = "1";
      groupPosition = "0 0 0";

   new TSStatic() {
      shapeName = "/levels/Utah/art/shapes/rocks/utah_boulder_2.dae";
      dynamic = "0";
      playAmbient = "1";
      meshCulling = "0";
      originSort = "0";
      useInstanceRenderData = "1";
      instanceColor = "White";
      instanceColor1 = "White";
      instanceColor2 = "White";
      collisionType = "Collision Mesh";
      decalType = "Collision Mesh";
      prebuildCollisionData = "0";
      renderNormals = "0";
      forceDetail = "-1";
      position = "79.2642288 -23.363203 167.652695";
      scale = "1 1 1";
      rotationMatrix = "0.559758902 -0.82865566 0 0.82865566 0.559758902 0 0 0 1";
      isRenderEnabled = "false";
      canSave = "1";
      canSaveDynamicFields = "1";
      persistentId = "cf807514-441c-4745-8772-7b7b87633926";
   };
   new TSStatic() {
      shapeName = "/levels/Utah/art/shapes/rocks/utah_boulder_4.dae";
      dynamic = "0";
      playAmbient = "1";
      meshCulling = "0";
      originSort = "0";
      useInstanceRenderData = "1";
      instanceColor = "White";
      instanceColor1 = "White";
      instanceColor2 = "White";
      collisionType = "Collision Mesh";
      decalType = "Collision Mesh";
      prebuildCollisionData = "0";
      renderNormals = "0";
      forceDetail = "-1";
      position = "79.3763046 -26.3998394 167.090103";
      scale = "1 1 1";
      rotationMatrix = "0.999442458 -0.00710840058 0.0326231085 0.00816515647 0.999442458 -0.0323747993 -0.0323747881 0.0326231197 0.998943269";
      isRenderEnabled = "false";
      canSave = "1";
      canSaveDynamicFields = "1";
      persistentId = "37c81e81-fea2-41ac-952e-fd663a78f6e7";
   };
   new TSStatic() {
      shapeName = "/levels/Utah/art/shapes/rocks/utah_boulder_5.dae";
      dynamic = "0";
      playAmbient = "1";
      meshCulling = "0";
      originSort = "0";
      useInstanceRenderData = "1";
      instanceColor = "White";
      instanceColor1 = "White";
      instanceColor2 = "White";
      collisionType = "Collision Mesh";
      decalType = "Collision Mesh";
      prebuildCollisionData = "0";
      renderNormals = "0";
      forceDetail = "-1";
      position = "82.24897 -27.33745 167.691513";
      scale = "1 1 1";
      rotationMatrix = "1 0 0 0 1 0 0 0 1";
      isRenderEnabled = "false";
      canSave = "1";
      canSaveDynamicFields = "1";
      persistentId = "c4c39c0e-a079-47c6-99c7-c1c0a5444675";
   };
   new TSStatic() {
      shapeName = "/levels/Utah/art/shapes/rocks/utah_boulder_6.dae";
      dynamic = "0";
      playAmbient = "1";
      meshCulling = "0";
      originSort = "0";
      useInstanceRenderData = "1";
      instanceColor = "White";
      instanceColor1 = "White";
      instanceColor2 = "White";
      collisionType = "Collision Mesh";
      decalType = "Collision Mesh";
      prebuildCollisionData = "0";
      renderNormals = "0";
      forceDetail = "-1";
      position = "78.2693863 -25.5011024 167.41806";
      scale = "1 1 1";
      rotationMatrix = "0.999982476 -0.000889731513 0.00584871694 0.000906744448 0.999995351 -0.00290681818 -0.00584610365 0.00291207037 0.999978662";
      isRenderEnabled = "false";
      canSave = "1";
      canSaveDynamicFields = "1";
      persistentId = "96134905-87e6-47ca-99b1-6d5e3d30e315";
   };
   new TSStatic() {
      shapeName = "/levels/Utah/art/shapes/rocks/utah_rock_big_2_e.dae";
      dynamic = "0";
      playAmbient = "1";
      meshCulling = "0";
      originSort = "0";
      useInstanceRenderData = "1";
      instanceColor = "White";
      instanceColor1 = "White";
      instanceColor2 = "White";
      collisionType = "Collision Mesh";
      decalType = "Collision Mesh";
      prebuildCollisionData = "0";
      renderNormals = "0";
      forceDetail = "-1";
      position = "76.9082031 -23.4695835 167.279648";
      scale = "1 1 1";
      rotationMatrix = "1 0 0 0 1 0 0 0 1";
      isRenderEnabled = "false";
      canSave = "1";
      canSaveDynamicFields = "1";
      persistentId = "294566e1-ce41-4229-ac0e-b0f7037ccbc3";
   };
   new TSStatic() {
      shapeName = "/levels/Utah/art/shapes/rocks/utah_rock_big_2_d_top.dae";
      dynamic = "0";
      playAmbient = "1";
      meshCulling = "0";
      originSort = "0";
      useInstanceRenderData = "1";
      instanceColor = "White";
      instanceColor1 = "White";
      instanceColor2 = "White";
      collisionType = "Collision Mesh";
      decalType = "Collision Mesh";
      prebuildCollisionData = "0";
      renderNormals = "0";
      forceDetail = "-1";
      position = "81.657135 -28.6471119 167.481171";
      scale = "1 1 1";
      rotationMatrix = "1 0 0 0 1 0 0 0 1";
      isRenderEnabled = "false";
      canSave = "1";
      canSaveDynamicFields = "1";
      persistentId = "5bae2656-d2de-476e-8e38-f059ca2cc785";
   };
   new DecalRoad() {
      drivability = "-1";
      lanesLeft = "1";
      lanesRight = "1";
      oneWay = "0";
      flipDirection = "0";
      gatedRoad = "0";
      useSubdivisions = "1";
      ImprovedSpline = "1";
      startTangent = "0";
      endTangent = "0";
      looped = "0";
      smoothness = "0.5";
      detail = "0.100000001";
      overObjects = "0";
      Material = "Dirt_road_variation_02";
      textureLength = "5";
      breakAngle = "3";
      renderPriority = "10";
      zBias = "0";
      decalBias = "0.000500000024";
      distanceFade = "0 0";
      startEndFade = "5 5";
      hiddenInNavi = "0";
      position = "75.0357666 -24.5591812 167.114838";
      scale = "1 1 1";
      rotationMatrix = "1 0 0 0 1 0 0 0 1";
      canSave = "1";
      canSaveDynamicFields = "1";
      persistentId = "8416068d-2cde-405f-b267-c754f284d432";

      Node = "75.035767 -24.559181 167.114838 2.000000";
      Node = "79.147110 -24.862871 167.391190 2.000000";
      Node = "79.136765 -28.394970 167.138763 2.000000";
      Node = "80.491905 -31.620253 167.113617 2.000000";
      Node = "83.320793 -32.223133 167.299164 2.000000";
   };
   new BeamNGVehicle() {
      JBeam = "pigeon";
      color = "0.180000007 0.360000014 0.0900000036 1.20000005";
      colorPalette0 = "0.180000007 0.360000014 0.0900000036 1.20000005";
      colorPalette1 = "0.180000007 0.360000014 0.0900000036 1.20000005";
      metallicPaintData[0] = "0 1 1 0.0599999987";
      metallicPaintData[1] = "0 1 1 0.0599999987";
      metallicPaintData[2] = "0 1 1 0.0599999987";
      metallicPaintData[3] = "1 1 1 1";
      partConfig = "vehicles/pigeon/base.pc";
      renderDistance = "500";
      renderFade = "0.100000001";
      dataBlock = "default_vehicle";
      position = "124.407028 -13.7920961 179.225922";
      rotationMatrix = "0.869278908 -0.494321913 0 -0.385676891 -0.678223372 -0.62551254 0.309204578 0.543744862 -0.780213833";
      annotation = "CAR";
      internalName = "target";
      canSave = "1";
      canSaveDynamicFields = "1";
      persistentId = "985200d3-1bf4-41ea-bc7b-856e36cc4ab8";
         licenseDesign = "vehicles/common/licenseplates/utah/licensePlate-default.json";
         licenseFormats = "[\"30-15\"]";
         licenseText = "8993-citybus5";
   };
   new BeamNGVehicle() {
      JBeam = "pigeon";
      color = "0.899999976 0.400000006 0 1.20000005";
      colorPalette0 = "0.899999976 0.400000006 0 1.20000005";
      colorPalette1 = "0.899999976 0.400000006 0 1.20000005";
      metallicPaintData[0] = "0 1 1 0.0599999987";
      metallicPaintData[1] = "0 1 1 0.0599999987";
      metallicPaintData[2] = "0 1 1 0.0599999987";
      metallicPaintData[3] = "1 1 1 1";
      partConfig = "vehicles/pigeon/stabilizer.pc";
      renderDistance = "500";
      renderFade = "0.100000001";
      dataBlock = "default_vehicle";
      position = "127.169144 -15.8451109 179.223419";
      rotationMatrix = "-0.857380629 0.514426529 -0.0162424743 0.406141788 0.656846583 -0.635296345 -0.316144496 -0.551287532 -0.772097588";
      annotation = "CAR";
      internalName = "target";
      canSave = "1";
      canSaveDynamicFields = "1";
      persistentId = "c263b3c8-f77d-4c65-be35-4c1843c6c81a";
         licenseDesign = "vehicles/common/licenseplates/utah/licensePlate-default.json";
         licenseFormats = "[\"30-15\"]";
         licenseText = "8993-citybus5";
   };
   new BeamNGVehicle() {
      JBeam = "pigeon";
      color = "0.449942976 0.464602619 0.530057013 1.20000005";
      colorPalette0 = "0.829999983 0.829999983 0.829999983 1.20000005";
      colorPalette1 = "0.829999983 0.829999983 0.829999983 1.20000005";
      metallicPaintData[0] = "0.200000003 0.5 0.800000012 0";
      metallicPaintData[1] = "0.200000003 0.5 0.800000012 0";
      metallicPaintData[2] = "0.200000003 0.5 0.800000012 0";
      metallicPaintData[3] = "1 1 1 1";
      partConfig = "vehicles/pigeon/offroad_4w.pc";
      renderDistance = "500";
      renderFade = "0.100000001";
      dataBlock = "default_vehicle";
      position = "119.981949 -17.3919392 175.545303";
      rotationMatrix = "-0.493061543 -0.869994164 0 0.869994164 -0.493061543 0 0 0 1";
      annotation = "CAR";
      internalName = "target";
      canSave = "1";
      canSaveDynamicFields = "1";
      persistentId = "40040eed-babd-45b6-ab6f-c812f3e8b57d";
         licenseDesign = "vehicles/common/licenseplates/utah/licensePlate-default.json";
         licenseFormats = "[\"30-15\"]";
         licenseText = "8993-citybus5";
   };
   new BeamNGVehicle() {
      JBeam = "pigeon";
      color = "0.860000014 0.660000026 0.100000001 1.20000005";
      colorPalette0 = "0.860000014 0.660000026 0.100000001 1.20000005";
      colorPalette1 = "0.860000014 0.660000026 0.100000001 1.20000005";
      metallicPaintData[0] = "0 1 1 0.0599999987";
      metallicPaintData[1] = "0 1 1 0.0599999987";
      metallicPaintData[2] = "0 1 1 0.0599999987";
      metallicPaintData[3] = "1 1 1 1";
      partConfig = "vehicles/pigeon/van.pc";
      renderDistance = "500";
      renderFade = "0.100000001";
      dataBlock = "default_vehicle";
      position = "118.555267 -11.0776806 182.06459";
      rotationMatrix = "0.999528944 0.030132195 -0.00583030563 -0.0057763923 -0.00187599659 -0.999981523 -0.0301425755 0.999544144 -0.00170099735";
      annotation = "CAR";
      internalName = "target";
      canSave = "1";
      canSaveDynamicFields = "1";
      persistentId = "53e474c0-8974-4c04-8dc9-87d99bd82fe7";
         licenseDesign = "vehicles/common/licenseplates/utah/licensePlate-default.json";
         licenseFormats = "[\"30-15\"]";
         licenseText = "8993-citybus5";
   };
   new BeamNGVehicle() {
      JBeam = "cannon";
      color = "White";
      colorPalette0 = "White";
      colorPalette1 = "White";
      metallicPaintData[0] = "0.200000003 0.5 0.800000012 0";
      metallicPaintData[1] = "0.200000003 0.5 0.800000012 0";
      metallicPaintData[2] = "0.200000003 0.5 0.800000012 0";
      metallicPaintData[3] = "1 1 1 1";
      partConfig = "cannon";
      renderDistance = "500";
      renderFade = "0.100000001";
      dataBlock = "default_vehicle";
      position = "75.666214 53.5291748 173.146378";
      rotationMatrix = "0.806774676 0.58931601 0.042678494 -0.590471506 0.806755781 0.0221043285 -0.0214046948 -0.0430336371 0.998844326";
      annotation = "CAR";
      internalName = "cannon_2";
      canSave = "1";
      canSaveDynamicFields = "1";
      persistentId = "1cdd1f81-756f-403e-bf5b-165fe8767156";
         licenseText = "8993-citybus5";
   };
   new BeamNGVehicle() {
      JBeam = "cannon";
      color = "White";
      colorPalette0 = "White";
      colorPalette1 = "White";
      metallicPaintData[0] = "0.200000003 0.5 0.800000012 0";
      metallicPaintData[1] = "0.200000003 0.5 0.800000012 0";
      metallicPaintData[2] = "0.200000003 0.5 0.800000012 0";
      metallicPaintData[3] = "1 1 1 1";
      partConfig = "cannon";
      renderDistance = "500";
      renderFade = "0.100000001";
      dataBlock = "default_vehicle";
      position = "138.095779 21.3497658 171.552444";
      rotationMatrix = "0.889726996 -0.456493109 0 0.456493109 0.889726996 0 0 0 1";
      annotation = "CAR";
      internalName = "cannon_1";
      canSave = "1";
      canSaveDynamicFields = "1";
      persistentId = "5a5d8fe4-1100-461c-a876-b4a571e7393d";
         licenseText = "8993-citybus5";
   };
   new BeamNGVehicle() {
      JBeam = "cannon";
      color = "White";
      colorPalette0 = "White";
      colorPalette1 = "White";
      metallicPaintData[0] = "0.200000003 0.5 0.800000012 0";
      metallicPaintData[1] = "0.200000003 0.5 0.800000012 0";
      metallicPaintData[2] = "0.200000003 0.5 0.800000012 0";
      metallicPaintData[3] = "1 1 1 1";
      partConfig = "cannon";
      renderDistance = "500";
      renderFade = "0.100000001";
      dataBlock = "default_vehicle";
      position = "10.033309 -63.138092 160.401199";
      rotationMatrix = "-0.453356266 0.891305506 0.00648863241 -0.890390694 -0.452533007 -0.0491702743 -0.0408894233 -0.0280690826 0.998769343";
      annotation = "CAR";
      internalName = "cannon_3";
      canSave = "1";
      canSaveDynamicFields = "1";
      persistentId = "6c03e4b6-6702-4ec1-84e2-cddd081860e4";
         licenseText = "8993-citybus5";
   };
};
//--- OBJECT WRITE END ---









