//--- OBJECT WRITE BEGIN ---
$ThisPrefab = new SimGroup() {
   canSave = "1";
   canSaveDynamicFields = "1";
      groupPosition = "0 0 0";

   new TSStatic() {
      shapeName = "/levels/italy/art/shapes/buildings/dealerships/arrow_sign.dae";
      dynamic = "0";
      playAmbient = "1";
      meshCulling = "0";
      originSort = "0";
      useInstanceRenderData = "1";
      instanceColor = "White";
      instanceColor1 = "White";
      instanceColor2 = "White";
      collisionType = "Collision Mesh";
      decalType = "Collision Mesh";
      prebuildCollisionData = "0";
      renderNormals = "0";
      forceDetail = "-1";
      position = "105.260803 -1732.78687 361.58493";
      scale = "1 1 1";
      rotationMatrix = "-0.839144826 0.54337281 -0.0241176654 -0.539310753 -0.836987019 -0.0927173495 -0.0705662668 -0.0647963732 0.99540031";
      isRenderEnabled = "false";
      canSave = "1";
      canSaveDynamicFields = "1";
   };
   new TSStatic() {
      shapeName = "/levels/italy/art/shapes/buildings/dealerships/arrow_sign.dae";
      dynamic = "0";
      playAmbient = "1";
      meshCulling = "0";
      originSort = "0";
      useInstanceRenderData = "1";
      instanceColor = "White";
      instanceColor1 = "White";
      instanceColor2 = "White";
      collisionType = "Collision Mesh";
      decalType = "Collision Mesh";
      prebuildCollisionData = "0";
      renderNormals = "0";
      forceDetail = "-1";
      position = "102.642296 -1730.89355 361.421844";
      scale = "1 1 1";
      rotationMatrix = "-0.839144826 0.54337281 -0.0241176654 -0.539310753 -0.836987019 -0.0927173495 -0.0705662668 -0.0647963732 0.99540031";
      isRenderEnabled = "false";
      canSave = "1";
      canSaveDynamicFields = "1";
   };
   new TSStatic() {
      shapeName = "/levels/italy/art/shapes/buildings/italy_fence_mesh_6m.dae";
      dynamic = "0";
      playAmbient = "1";
      meshCulling = "0";
      originSort = "0";
      useInstanceRenderData = "1";
      instanceColor = "White";
      instanceColor1 = "White";
      instanceColor2 = "White";
      collisionType = "Collision Mesh";
      decalType = "Collision Mesh";
      prebuildCollisionData = "0";
      renderNormals = "0";
      forceDetail = "-1";
      position = "103.840935 -1731.71545 360.620636";
      scale = "1 1 1";
      rotationMatrix = "0.810702145 -0.580152214 0.078647688 0.573542058 0.813967824 0.0922269598 -0.117522359 -0.0296608359 0.992627203";
      isRenderEnabled = "false";
      canSave = "1";
      canSaveDynamicFields = "1";
   };
   new TSStatic() {
      shapeName = "/levels/italy/art/shapes/buildings/dealerships/arrow_sign.dae";
      dynamic = "0";
      playAmbient = "1";
      meshCulling = "0";
      originSort = "0";
      useInstanceRenderData = "1";
      instanceColor = "White";
      instanceColor1 = "White";
      instanceColor2 = "White";
      collisionType = "Collision Mesh";
      decalType = "Collision Mesh";
      prebuildCollisionData = "0";
      renderNormals = "0";
      forceDetail = "-1";
      position = "158.20433 -1726.49536 381.17865";
      scale = "1 1 1";
      rotationMatrix = "0.118580997 0.967412949 0.223722041 -0.992886424 0.117967248 0.0161558613 -0.0107625723 -0.22404626 0.974519074";
      isRenderEnabled = "false";
      canSave = "1";
      canSaveDynamicFields = "1";
   };
   new TSStatic() {
      shapeName = "/levels/italy/art/shapes/buildings/dealerships/arrow_sign.dae";
      dynamic = "0";
      playAmbient = "1";
      meshCulling = "0";
      originSort = "0";
      useInstanceRenderData = "1";
      instanceColor = "White";
      instanceColor1 = "White";
      instanceColor2 = "White";
      collisionType = "Collision Mesh";
      decalType = "Collision Mesh";
      prebuildCollisionData = "0";
      renderNormals = "0";
      forceDetail = "-1";
      position = "158.74469 -1723.3667 381.801025";
      scale = "1 1 1";
      rotationMatrix = "0.118580997 0.967412949 0.223722041 -0.992886424 0.117967248 0.0161558613 -0.0107625723 -0.22404626 0.974519074";
      isRenderEnabled = "false";
      canSave = "1";
      canSaveDynamicFields = "1";
   };
   new TSStatic() {
      shapeName = "/levels/italy/art/shapes/buildings/italy_fence_mesh_6m.dae";
      dynamic = "0";
      playAmbient = "1";
      meshCulling = "0";
      originSort = "0";
      useInstanceRenderData = "1";
      instanceColor = "White";
      instanceColor1 = "White";
      instanceColor2 = "White";
      collisionType = "Collision Mesh";
      decalType = "Collision Mesh";
      prebuildCollisionData = "0";
      renderNormals = "0";
      forceDetail = "-1";
      position = "158.468781 -1724.55371 380.67453";
      scale = "1 1 1";
      rotationMatrix = "-0.159683108 -0.973228455 -0.165309638 0.987168074 -0.157428265 -0.0267403126 0 -0.167458415 0.985879123";
      isRenderEnabled = "false";
      canSave = "1";
      canSaveDynamicFields = "1";
   };
};
//--- OBJECT WRITE END ---
