{"name":"timeTrial_prop6","class":"BeamNGVehicle","persistentId":"0c07d8d4-1176-443d-9f75-e090ccedd017","__parent":"deco_group","position":[116.119263,33.3972435,171.836365],"dataBlock":"default_vehicle","jBeam":"cones","metallicPaintData":[[0.200000003,0.5,0.800000012,0],[0.200000003,0.5,0.800000012,0],[0.200000003,0.5,0.800000012,0],null],"partConfig":"vehicles/cones/large.pc","rotationMatrix":[-0.976332307,0.216277048,0,-0.216277048,-0.976332307,0,0,0,1]}
{"name":"timeTrial_prop1","class":"BeamNGVehicle","persistentId":"265055e9-7162-4632-b091-0ddc3a64eabe","__parent":"deco_group","position":[148.230911,-152.893585,140.454193],"dataBlock":"default_vehicle","jBeam":"trafficbarrel","metallicPaintData":[[0.200000003,0.5,0.800000012,0],[0.200000003,0.5,0.800000012,0],[0.200000003,0.5,0.800000012,0],null],"partConfig":"trafficbarrel","rotationMatrix":[0.992235839,0.124370381,0,-0.124370381,0.992235839,0,0,0,1]}
{"name":"timeTrial_prop3","class":"BeamNGVehicle","persistentId":"300cdff3-91b3-488f-9f46-77566f81ad17","__parent":"deco_group","position":[105.768875,1.09245658,171.607239],"dataBlock":"default_vehicle","jBeam":"cones","metallicPaintData":[[0.200000003,0.5,0.800000012,0],[0.200000003,0.5,0.800000012,0],[0.200000003,0.5,0.800000012,0],null],"partConfig":"vehicles/cones/large.pc","rotationMatrix":[-0.919109106,0.394002974,0,-0.394002974,-0.919109106,0,0,0,1]}
{"name":"timeTrial_prop2","class":"BeamNGVehicle","persistentId":"37dff74f-b318-4a0e-be45-decd86b622c5","__parent":"deco_group","position":[140.341873,-154.094604,140.152344],"dataBlock":"default_vehicle","jBeam":"trafficbarrel","metallicPaintData":[[0.200000003,0.5,0.800000012,0],[0.200000003,0.5,0.800000012,0],[0.200000003,0.5,0.800000012,0],null],"partConfig":"trafficbarrel","rotationMatrix":[0.992235839,0.124370381,0,-0.124370381,0.992235839,0,0,0,1]}
{"name":"timeTrial_prop5","class":"BeamNGVehicle","persistentId":"54ddc3d6-9069-4db8-9941-6c20a5c209fb","__parent":"deco_group","position":[108.23822,6.6570673,171.782776],"dataBlock":"default_vehicle","jBeam":"cones","metallicPaintData":[[0.200000003,0.5,0.800000012,0],[0.200000003,0.5,0.800000012,0],[0.200000003,0.5,0.800000012,0],null],"partConfig":"vehicles/cones/large.pc","rotationMatrix":[-0.919109106,0.394002974,0,-0.394002974,-0.919109106,0,0,0,1]}
{"name":"timeTrial_prop7","class":"BeamNGVehicle","persistentId":"570aa1bd-d9e0-4d69-aeea-17c3ba352f1f","__parent":"deco_group","position":[116.793594,37.4110565,171.848694],"dataBlock":"default_vehicle","jBeam":"cones","metallicPaintData":[[0.200000003,0.5,0.800000012,0],[0.200000003,0.5,0.800000012,0],[0.200000003,0.5,0.800000012,0],null],"partConfig":"vehicles/cones/large.pc","rotationMatrix":[-0.976332307,0.216277048,0,-0.216277048,-0.976332307,0,0,0,1]}
{"name":"timeTrial_prop4","class":"BeamNGVehicle","persistentId":"96ec9f01-6704-4045-96e9-e02d56529bcb","__parent":"deco_group","position":[106.989037,3.72586632,171.66774],"dataBlock":"default_vehicle","jBeam":"cones","metallicPaintData":[[0.200000003,0.5,0.800000012,0],[0.200000003,0.5,0.800000012,0],[0.200000003,0.5,0.800000012,0],null],"partConfig":"vehicles/cones/large.pc","rotationMatrix":[-0.919109106,0.394002974,0,-0.394002974,-0.919109106,0,0,0,1]}
{"name":"timeTrial_prop8","class":"BeamNGVehicle","persistentId":"b5c1f863-f15e-451e-b774-6f6150727069","__parent":"deco_group","position":[117.921005,40.4050369,171.984222],"dataBlock":"default_vehicle","jBeam":"cones","metallicPaintData":[[0.200000003,0.5,0.800000012,0],[0.200000003,0.5,0.800000012,0],[0.200000003,0.5,0.800000012,0],null],"partConfig":"vehicles/cones/large.pc","rotationMatrix":[-0.976332307,0.216277048,0,-0.216277048,-0.976332307,0,0,0,1]}
{"name":"deco_group","class":"SimGroup","persistentId":"277af62e-6c85-49aa-95ad-9abc8a265584","groupPosition":"0 0 0"}
{"class":"TSStatic","persistentId":"0b7980fc-96ad-40f3-b968-583efeb3fef1","__parent":"deco_group","position":[-42.3936386,-82.0424652,152.649292],"isRenderEnabled":false,"rotationMatrix":[0.862712979,0.49995628,0.0759606212,-0.503101647,0.863742232,0.0289490148,-0.0511371642,-0.0631906018,0.996690512],"scale":[0.800000012,0.800000012,0.800000012],"shapeName":"/levels/Utah/art/shapes/rocks/utah_boulder_4.dae","useInstanceRenderData":true}
{"class":"TSStatic","persistentId":"0e378519-dc02-4e8b-8d87-ac9e92f4b6b0","__parent":"deco_group","position":[189.477142,402.270477,177.259369],"isRenderEnabled":false,"rotationMatrix":[0.716195107,0.697899997,1.86264515e-09,-0.697164714,0.715440512,-0.0458924696,-0.0320283622,0.0328679606,0.998946369],"shapeName":"/levels/utah/art/shapes/race/ut_race_mesh_barricade_.DAE","useInstanceRenderData":true}
{"class":"TSStatic","persistentId":"1a3d2a4f-ccd3-4925-bd84-26026807ddc9","__parent":"deco_group","position":[169.792145,412.706512,176.357101],"isRenderEnabled":false,"rotationMatrix":[-0.849228978,-0.527932823,-0.00985769928,0.528012574,-0.849188685,-0.00902704895,-0.00360537018,-0.0128710195,0.999910653],"shapeName":"/levels/utah/art/shapes/race/ut_race_mesh_barricade_.DAE","useInstanceRenderData":true}
{"class":"TSStatic","persistentId":"1f0137b9-305e-4a37-8387-2d26783204d6","__parent":"deco_group","position":[81.5436401,-96.8716431,147.082214],"isRenderEnabled":false,"rotationMatrix":[0.98957777,-0.143999636,0,0.143999636,0.98957777,0,0,0,1],"shapeName":"/levels/utah/art/shapes/race/ut_race_mesh_barricade_curve_b.DAE","useInstanceRenderData":true}
{"class":"TSStatic","persistentId":"27f670ad-3edd-4c47-b096-7bc1974c5da6","__parent":"deco_group","position":[-43.6131439,-90.1333084,151.915329],"isRenderEnabled":false,"rotationMatrix":[-0.502001762,0.859633505,0.0949942768,-0.863765657,-0.492790103,-0.105195902,-0.0436176658,-0.134861365,0.989903986],"shapeName":"/levels/utah/art/shapes/race/ut_race_mesh_barricade_curve_b.DAE","useInstanceRenderData":true}
{"class":"TSStatic","persistentId":"298f4188-ed71-4d2a-bcda-30175c7864f4","__parent":"deco_group","position":[160.366486,506.472412,175.08847],"isRenderEnabled":false,"rotationMatrix":[-0.981878638,-0.189506143,-0.0012023882,0.189127266,-0.979472995,-0.0697361454,0.0120377224,-0.0686998442,0.997564733],"shapeName":"/levels/utah/art/shapes/race/ut_race_caution_tape_barricade_a.DAE","useInstanceRenderData":true}
{"class":"TSStatic","persistentId":"2a955214-473f-4cc7-9851-6ee06a6f4db7","__parent":"deco_group","position":[-42.9554405,-105.249977,149.810089],"isRenderEnabled":false,"rotationMatrix":[-0.26330781,0.953487813,0.146731317,-0.964196503,-0.255134106,-0.0723302811,-0.0315298662,-0.160522953,0.986528397],"shapeName":"/levels/Utah/art/shapes/rocks/utah_boulder_2.dae","useInstanceRenderData":true}
{"class":"TSStatic","persistentId":"339df377-a857-4091-95fc-13ce4c6ea093","__parent":"deco_group","position":[-38.7607422,-107.500923,149.544678],"isRenderEnabled":false,"rotationMatrix":[-0.993308663,-0.0592297763,0.0991444886,0.0544578061,-0.997254968,-0.050167013,0.10184373,-0.0444321372,0.993807673],"shapeName":"/levels/utah/art/shapes/race/ut_race_mesh_barricade_curve_b.DAE","useInstanceRenderData":true}
{"class":"TSStatic","persistentId":"4a1349ff-aba8-4690-aa52-e00bd24c3083","__parent":"deco_group","position":[-45.4610977,-94.8117371,151.101593],"isRenderEnabled":false,"rotationMatrix":[0.00281989574,0.999995887,-5.58793545e-09,-0.998930871,0.00281691551,0.0461407304,0.0461405516,-0.000130100176,0.998934925],"shapeName":"/levels/Utah/art/shapes/rocks/utah_boulder_4.dae","useInstanceRenderData":true}
{"class":"TSStatic","persistentId":"52705d4f-0e3c-4cc4-9d20-d559ebe5bb89","__parent":"deco_group","position":[-37.4541016,-73.0434341,156.399551],"isRenderEnabled":false,"rotationMatrix":[-0.716621161,-0.668167114,-0.200017095,0.696227431,-0.668245316,-0.26213643,0.0414904505,-0.327109903,0.944075048],"scale":[2,2,2],"shapeName":"/levels/Utah/art/shapes/rocks/utah_boulder_2.dae","useInstanceRenderData":true}
{"class":"TSStatic","persistentId":"57357ca0-fa2f-4170-98f9-b2b456021d26","__parent":"deco_group","position":[145.294037,-186.980499,138.873871],"isRenderEnabled":false,"rotationMatrix":[-0.178997993,-0.983737469,-0.0148726888,0.98350811,-0.179313898,0.0236479081,-0.025930196,-0.0103944875,0.999609709],"shapeName":"/levels/utah/art/shapes/race/ut_race_mesh_barricade_curve_b.DAE","useInstanceRenderData":true}
{"class":"TSStatic","persistentId":"59689e87-2720-4dc7-b391-c56ac81c970a","__parent":"deco_group","position":[91.2515335,-26.1416397,172.225082],"isRenderEnabled":false,"rotationMatrix":[0.987641215,0.153638825,-0.0309837479,-0.153712615,0.988115609,-2.32830644e-10,0.0306155253,0.00476259459,0.999519885],"scale":[2,2,2],"shapeName":"/levels/utah/art/shapes/race/sign_arrows.dae","useInstanceRenderData":true}
{"class":"TSStatic","persistentId":"6504a1a9-2049-4b69-b5f4-41d3ea625cda","__parent":"deco_group","position":[150.129333,-179.474991,139.143906],"isRenderEnabled":false,"rotationMatrix":[0.562428772,-0.826712072,-0.0148726953,0.826770127,0.562042832,0.0236479118,-0.0111909164,-0.0255965665,0.999609709],"shapeName":"/levels/utah/art/shapes/race/ut_race_mesh_barricade_curve_b.DAE","useInstanceRenderData":true}
{"class":"TSStatic","persistentId":"68463634-a480-468f-bff8-b7b3ded938b4","__parent":"deco_group","position":[166.353439,421.683472,176.333115],"isRenderEnabled":false,"rotationMatrix":[-0.814047933,0.580685675,0.011399175,-0.579842985,-0.813678265,0.0413487852,0.0332859084,0.0270501673,0.999079764],"shapeName":"/levels/utah/art/shapes/race/ut_race_mesh_barricade_curve_b.DAE","useInstanceRenderData":true}
{"class":"TSStatic","persistentId":"7ba94bd4-4c8c-4d4f-87a9-037baa1bfed4","__parent":"deco_group","position":[243.440247,312.712036,178.497131],"isRenderEnabled":false,"rotationMatrix":[0.841258287,-0.54063344,0,0.54063344,0.841258287,0,0,0,1],"shapeName":"/levels/utah/art/shapes/race/ut_race_mesh_barricade_curve_b.DAE","useInstanceRenderData":true}
{"class":"TSStatic","persistentId":"7cf88ba0-1405-4db0-b095-4d30e9e18cf9","__parent":"deco_group","position":[243.144211,303.214478,178.475647],"isRenderEnabled":false,"rotationMatrix":[0.962585568,-0.270978004,0,0.270978004,0.962585568,0,0,0,1],"shapeName":"/levels/utah/art/shapes/race/ut_race_mesh_barricade_.DAE","useInstanceRenderData":true}
{"class":"TSStatic","persistentId":"a2b4e9e5-fc0b-4025-b9f2-dca85d2b5ffb","__parent":"deco_group","position":[167.92868,506.945801,175.029831],"isRenderEnabled":false,"rotationMatrix":[0.992335796,-0.121880233,-0.0203682221,0.122982711,0.990164399,0.0667061657,0.012037728,-0.0686998516,0.997564733],"shapeName":"/levels/utah/art/shapes/race/ut_race_caution_tape_barricade_a.DAE","useInstanceRenderData":true}
{"class":"TSStatic","persistentId":"b542f928-f48d-4287-bb0b-b16112d20da8","__parent":"deco_group","position":[-36.0709038,-73.2899399,159.296997],"isRenderEnabled":false,"rotationMatrix":[-0.0598447323,0.998207808,0,-0.998207808,-0.0598447323,0,0,0,1],"scale":[2,2,2],"shapeName":"/levels/utah/art/shapes/race/sign_arrows.dae","useInstanceRenderData":true}
{"class":"TSStatic","persistentId":"d9139085-d367-4e3e-916f-d523fd4551c7","__parent":"deco_group","position":[-43.5671539,-99.4935989,150.643555],"isRenderEnabled":false,"rotationMatrix":[-0.963898778,-0.265345424,-0.0221740715,0.266094536,-0.956890702,-0.116423689,0.00967433304,-0.118121006,0.992952108],"shapeName":"/levels/utah/art/shapes/race/ut_race_mesh_barricade_.DAE","useInstanceRenderData":true}
