//--- OBJECT WRITE BEGIN ---
$ThisPrefab = new SimGroup() {
   canSave = "1";
   canSaveDynamicFields = "1";
      groupPosition = "0 0 0";

   new TSStatic() {
      shapeName = "/levels/utah/art/shapes/race/ut_race_mesh_barricade_curve_b.DAE";
      dynamic = "0";
      playAmbient = "1";
      meshCulling = "0";
      originSort = "0";
      useInstanceRenderData = "1";
      instanceColor = "White";
      instanceColor1 = "White";
      instanceColor2 = "White";
      collisionType = "Collision Mesh";
      decalType = "Collision Mesh";
      prebuildCollisionData = "0";
      renderNormals = "0";
      forceDetail = "-1";
      position = "-87.1676483 -586.726074 133.970108";
      scale = "1 1 1";
      rotationMatrix = "-0.964996576 -0.236350447 -0.113660619 0.247727364 -0.963735819 -0.0992145836 -0.0860894546 -0.123898692 0.98855257";
      isRenderEnabled = "false";
      mode = "Ignore";
      canSave = "1";
      canSaveDynamicFields = "1";
   };
   new TSStatic() {
      shapeName = "/levels/utah/art/shapes/race/ut_race_mesh_barricade_curve_b.DAE";
      dynamic = "0";
      playAmbient = "1";
      meshCulling = "0";
      originSort = "0";
      useInstanceRenderData = "1";
      instanceColor = "White";
      instanceColor1 = "White";
      instanceColor2 = "White";
      collisionType = "Collision Mesh";
      decalType = "Collision Mesh";
      prebuildCollisionData = "0";
      renderNormals = "0";
      forceDetail = "-1";
      position = "-88.9210052 -599.824585 133.770233";
      scale = "1 1 1";
      rotationMatrix = "0.459349304 0.887518764 -0.0361710116 -0.887951732 0.457747132 -0.0448174514 -0.0232191514 0.0527049974 0.998339951";
      isRenderEnabled = "false";
      mode = "Ignore";
      canSave = "1";
      canSaveDynamicFields = "1";
   };
   new TSStatic() {
      shapeName = "/levels/utah/art/shapes/race/ut_race_mesh_barricade_.DAE";
      dynamic = "0";
      playAmbient = "1";
      meshCulling = "0";
      originSort = "0";
      useInstanceRenderData = "1";
      instanceColor = "White";
      instanceColor1 = "White";
      instanceColor2 = "White";
      collisionType = "Collision Mesh";
      decalType = "Collision Mesh";
      prebuildCollisionData = "0";
      renderNormals = "0";
      forceDetail = "-1";
      position = "-328.281372 -560.842041 129.94812";
      scale = "1 1 1";
      rotationMatrix = "0.157656804 0.987493932 0 -0.987493932 0.157656804 0 0 0 1";
      isRenderEnabled = "false";
      mode = "Ignore";
      canSave = "1";
      canSaveDynamicFields = "1";
   };
   new TSStatic() {
      shapeName = "/levels/utah/art/shapes/race/ut_race_mesh_barricade_.DAE";
      dynamic = "0";
      playAmbient = "1";
      meshCulling = "0";
      originSort = "0";
      useInstanceRenderData = "1";
      instanceColor = "White";
      instanceColor1 = "White";
      instanceColor2 = "White";
      collisionType = "Collision Mesh";
      decalType = "Collision Mesh";
      prebuildCollisionData = "0";
      renderNormals = "0";
      forceDetail = "-1";
      position = "-325.656494 -546.416809 130.008408";
      scale = "1 1 1";
      rotationMatrix = "0.133169144 0.991093278 0 -0.991093278 0.133169144 0 0 0 1";
      isRenderEnabled = "false";
      mode = "Ignore";
      canSave = "1";
      canSaveDynamicFields = "1";
   };
   new TSStatic() {
      shapeName = "/levels/utah/art/shapes/race/ut_race_mesh_barricade_curve.DAE";
      dynamic = "0";
      playAmbient = "1";
      meshCulling = "0";
      originSort = "0";
      useInstanceRenderData = "1";
      instanceColor = "White";
      instanceColor1 = "White";
      instanceColor2 = "White";
      collisionType = "Collision Mesh";
      decalType = "Collision Mesh";
      prebuildCollisionData = "0";
      renderNormals = "0";
      forceDetail = "-1";
      position = "-336.622406 -556.516418 129.924408";
      scale = "1 1 1";
      rotationMatrix = "-0.95615834 0.292850047 0 -0.292850047 -0.95615834 0 0 0 1";
      isRenderEnabled = "false";
      mode = "Ignore";
      canSave = "1";
      canSaveDynamicFields = "1";
   };
   new TSStatic() {
      shapeName = "/levels/utah/art/shapes/race/ut_race_mesh_barricade_curve.DAE";
      dynamic = "0";
      playAmbient = "1";
      meshCulling = "0";
      originSort = "0";
      useInstanceRenderData = "1";
      instanceColor = "White";
      instanceColor1 = "White";
      instanceColor2 = "White";
      collisionType = "Collision Mesh";
      decalType = "Collision Mesh";
      prebuildCollisionData = "0";
      renderNormals = "0";
      forceDetail = "-1";
      position = "-334.947479 -547.874023 129.934921";
      scale = "1 1 1";
      rotationMatrix = "0.0732313246 0.997260869 0.0103763742 -0.99731493 0.0732273534 0.000761921401 0 -0.0104043102 0.999945819";
      isRenderEnabled = "false";
      mode = "Ignore";
      canSave = "1";
      canSaveDynamicFields = "1";
   };
   new TSStatic() {
      shapeName = "/levels/utah/art/shapes/buildings/ut_ramp_mid_wood.DAE";
      dynamic = "0";
      playAmbient = "1";
      meshCulling = "0";
      originSort = "0";
      useInstanceRenderData = "1";
      instanceColor = "White";
      instanceColor1 = "White";
      instanceColor2 = "White";
      collisionType = "Collision Mesh";
      decalType = "Collision Mesh";
      prebuildCollisionData = "0";
      renderNormals = "0";
      forceDetail = "-1";
      position = "-72.9170532 -595.153564 134.783844";
      scale = "1 1 1";
      rotationMatrix = "-0.987635493 0.137536824 -0.0752288997 -0.137693658 -0.990469873 -0.00312249595 -0.074941434 0.00727465842 0.99716109";
      isRenderEnabled = "false";
      mode = "Ignore";
      canSave = "1";
      canSaveDynamicFields = "1";
   };
};
//--- OBJECT WRITE END ---
