//--- OBJECT WRITE BEGIN ---
$ThisPrefab = new SimGroup() {
   canSave = "1";
   canSaveDynamicFields = "1";
      groupPosition = "0 0 0";

   new TSStatic() {
      shapeName = "/levels/italy/art/shapes/buildings/italy_newjersey_plastic.DAE";
      dynamic = "0";
      playAmbient = "1";
      meshCulling = "0";
      originSort = "0";
      useInstanceRenderData = "0";
      instanceColor = "White";
      instanceColor1 = "White";
      instanceColor2 = "White";
      collisionType = "Collision Mesh";
      decalType = "Collision Mesh";
      prebuildCollisionData = "0";
      renderNormals = "0";
      forceDetail = "-1";
      position = "22.4645691 -1451.70715 438.972809";
      scale = "1 1 1";
      rotationMatrix = "-0.597158194 -0.802123487 0 0.802123487 -0.597158194 0 0 0 1";
      isRenderEnabled = "false";
      mode = "Ignore";
      canSave = "1";
      canSaveDynamicFields = "1";
   };
   new TSStatic() {
      shapeName = "/levels/italy/art/shapes/buildings/italy_newjersey_plastic.DAE";
      dynamic = "0";
      playAmbient = "1";
      meshCulling = "0";
      originSort = "0";
      useInstanceRenderData = "0";
      instanceColor = "White";
      instanceColor1 = "White";
      instanceColor2 = "White";
      collisionType = "Collision Mesh";
      decalType = "Collision Mesh";
      prebuildCollisionData = "0";
      renderNormals = "0";
      forceDetail = "-1";
      position = "21.659399 -1452.78857 439.022797";
      scale = "1 1 1";
      rotationMatrix = "-0.597158194 -0.802123487 0 0.802123487 -0.597158194 0 0 0 1";
      isRenderEnabled = "false";
      mode = "Ignore";
      canSave = "1";
      canSaveDynamicFields = "1";
   };
   new TSStatic() {
      shapeName = "/levels/italy/art/shapes/buildings/italy_newjersey_plastic.DAE";
      dynamic = "0";
      playAmbient = "1";
      meshCulling = "0";
      originSort = "0";
      useInstanceRenderData = "0";
      instanceColor = "White";
      instanceColor1 = "White";
      instanceColor2 = "White";
      collisionType = "Collision Mesh";
      decalType = "Collision Mesh";
      prebuildCollisionData = "0";
      renderNormals = "0";
      forceDetail = "-1";
      position = "20.8385715 -1453.89124 439.05545";
      scale = "1 1 1";
      rotationMatrix = "-0.597158194 -0.802123487 0 0.802123487 -0.597158194 0 0 0 1";
      isRenderEnabled = "false";
      mode = "Ignore";
      canSave = "1";
      canSaveDynamicFields = "1";
   };
   new TSStatic() {
      shapeName = "/levels/italy/art/shapes/buildings/italy_newjersey_plastic.DAE";
      dynamic = "0";
      playAmbient = "1";
      meshCulling = "0";
      originSort = "0";
      useInstanceRenderData = "0";
      instanceColor = "White";
      instanceColor1 = "White";
      instanceColor2 = "White";
      collisionType = "Collision Mesh";
      decalType = "Collision Mesh";
      prebuildCollisionData = "0";
      renderNormals = "0";
      forceDetail = "-1";
      position = "20.0303822 -1454.97681 439.012238";
      scale = "1 1 1";
      rotationMatrix = "-0.597158194 -0.802123487 0 0.802123487 -0.597158194 0 0 0 1";
      isRenderEnabled = "false";
      mode = "Ignore";
      canSave = "1";
      canSaveDynamicFields = "1";
   };
   new TSStatic() {
      shapeName = "/levels/italy/art/shapes/buildings/italy_newjersey_plastic.DAE";
      dynamic = "0";
      playAmbient = "1";
      meshCulling = "0";
      originSort = "0";
      useInstanceRenderData = "0";
      instanceColor = "White";
      instanceColor1 = "White";
      instanceColor2 = "White";
      collisionType = "Collision Mesh";
      decalType = "Collision Mesh";
      prebuildCollisionData = "0";
      renderNormals = "0";
      forceDetail = "-1";
      position = "19.2245045 -1456.05933 439.004395";
      scale = "1 1 1";
      rotationMatrix = "-0.597158194 -0.802123487 0 0.802123487 -0.597158194 0 0 0 1";
      isRenderEnabled = "false";
      mode = "Ignore";
      canSave = "1";
      canSaveDynamicFields = "1";
   };
   new TSStatic() {
      shapeName = "/levels/italy/art/shapes/buildings/italy_newjersey_plastic.DAE";
      dynamic = "0";
      playAmbient = "1";
      meshCulling = "0";
      originSort = "0";
      useInstanceRenderData = "0";
      instanceColor = "White";
      instanceColor1 = "White";
      instanceColor2 = "White";
      collisionType = "Collision Mesh";
      decalType = "Collision Mesh";
      prebuildCollisionData = "0";
      renderNormals = "0";
      forceDetail = "-1";
      position = "18.4047909 -1457.1604 438.979919";
      scale = "1 1 1";
      rotationMatrix = "-0.597158194 -0.802123487 0 0.802123487 -0.597158194 0 0 0 1";
      isRenderEnabled = "false";
      mode = "Ignore";
      canSave = "1";
      canSaveDynamicFields = "1";
   };
   new TSStatic() {
      shapeName = "/levels/italy/art/shapes/buildings/italy_newjersey_plastic.DAE";
      dynamic = "0";
      playAmbient = "1";
      meshCulling = "0";
      originSort = "0";
      useInstanceRenderData = "0";
      instanceColor = "White";
      instanceColor1 = "White";
      instanceColor2 = "White";
      collisionType = "Collision Mesh";
      decalType = "Collision Mesh";
      prebuildCollisionData = "0";
      renderNormals = "0";
      forceDetail = "-1";
      position = "35.3298683 -1468.21143 438.720062";
      scale = "1 1 1";
      rotationMatrix = "-0.597158194 -0.802123487 0 0.802123487 -0.597158194 0 0 0 1";
      isRenderEnabled = "false";
      mode = "Ignore";
      canSave = "1";
      canSaveDynamicFields = "1";
   };
   new TSStatic() {
      shapeName = "/levels/italy/art/shapes/buildings/italy_newjersey_plastic.DAE";
      dynamic = "0";
      playAmbient = "1";
      meshCulling = "0";
      originSort = "0";
      useInstanceRenderData = "0";
      instanceColor = "White";
      instanceColor1 = "White";
      instanceColor2 = "White";
      collisionType = "Collision Mesh";
      decalType = "Collision Mesh";
      prebuildCollisionData = "0";
      renderNormals = "0";
      forceDetail = "-1";
      position = "36.1495819 -1467.11035 438.668671";
      scale = "1 1 1";
      rotationMatrix = "-0.597158194 -0.802123487 0 0.802123487 -0.597158194 0 0 0 1";
      isRenderEnabled = "false";
      mode = "Ignore";
      canSave = "1";
      canSaveDynamicFields = "1";
   };
   new TSStatic() {
      shapeName = "/levels/italy/art/shapes/buildings/italy_newjersey_plastic.DAE";
      dynamic = "0";
      playAmbient = "1";
      meshCulling = "0";
      originSort = "0";
      useInstanceRenderData = "0";
      instanceColor = "White";
      instanceColor1 = "White";
      instanceColor2 = "White";
      collisionType = "Collision Mesh";
      decalType = "Collision Mesh";
      prebuildCollisionData = "0";
      renderNormals = "0";
      forceDetail = "-1";
      position = "36.9554596 -1466.02783 438.646393";
      scale = "1 1 1";
      rotationMatrix = "-0.597158194 -0.802123487 0 0.802123487 -0.597158194 0 0 0 1";
      isRenderEnabled = "false";
      mode = "Ignore";
      canSave = "1";
      canSaveDynamicFields = "1";
   };
   new TSStatic() {
      shapeName = "/levels/italy/art/shapes/buildings/italy_newjersey_plastic.DAE";
      dynamic = "0";
      playAmbient = "1";
      meshCulling = "0";
      originSort = "0";
      useInstanceRenderData = "0";
      instanceColor = "White";
      instanceColor1 = "White";
      instanceColor2 = "White";
      collisionType = "Collision Mesh";
      decalType = "Collision Mesh";
      prebuildCollisionData = "0";
      renderNormals = "0";
      forceDetail = "-1";
      position = "37.763649 -1464.94226 438.646393";
      scale = "1 1 1";
      rotationMatrix = "-0.597158194 -0.802123487 0 0.802123487 -0.597158194 0 0 0 1";
      isRenderEnabled = "false";
      mode = "Ignore";
      canSave = "1";
      canSaveDynamicFields = "1";
   };
   new TSStatic() {
      shapeName = "/levels/italy/art/shapes/buildings/italy_newjersey_plastic.DAE";
      dynamic = "0";
      playAmbient = "1";
      meshCulling = "0";
      originSort = "0";
      useInstanceRenderData = "0";
      instanceColor = "White";
      instanceColor1 = "White";
      instanceColor2 = "White";
      collisionType = "Collision Mesh";
      decalType = "Collision Mesh";
      prebuildCollisionData = "0";
      renderNormals = "0";
      forceDetail = "-1";
      position = "38.5844765 -1463.8396 438.646393";
      scale = "1 1 1";
      rotationMatrix = "-0.597158194 -0.802123487 0 0.802123487 -0.597158194 0 0 0 1";
      isRenderEnabled = "false";
      mode = "Ignore";
      canSave = "1";
      canSaveDynamicFields = "1";
   };
   new TSStatic() {
      shapeName = "/levels/italy/art/shapes/buildings/italy_newjersey_plastic.DAE";
      dynamic = "0";
      playAmbient = "1";
      meshCulling = "0";
      originSort = "0";
      useInstanceRenderData = "0";
      instanceColor = "White";
      instanceColor1 = "White";
      instanceColor2 = "White";
      collisionType = "Collision Mesh";
      decalType = "Collision Mesh";
      prebuildCollisionData = "0";
      renderNormals = "0";
      forceDetail = "-1";
      position = "39.4789391 -1462.63818 438.593201";
      scale = "1 1 1";
      rotationMatrix = "-0.597158194 -0.802123487 0 0.802123487 -0.597158194 0 0 0 1";
      isRenderEnabled = "false";
      mode = "Ignore";
      canSave = "1";
      canSaveDynamicFields = "1";
   };
   new TSStatic() {
      shapeName = "/levels/italy/art/shapes/buildings/italy_newjersey_plastic.DAE";
      dynamic = "0";
      playAmbient = "1";
      meshCulling = "0";
      originSort = "0";
      useInstanceRenderData = "0";
      instanceColor = "White";
      instanceColor1 = "White";
      instanceColor2 = "White";
      collisionType = "Collision Mesh";
      decalType = "Collision Mesh";
      prebuildCollisionData = "0";
      renderNormals = "0";
      forceDetail = "-1";
      position = "53.8781128 -1723.34351 332.097198";
      scale = "1 1 1";
      rotationMatrix = "-0.596802354 -0.801645756 -0.0345101841 0.802123547 -0.597158074 1.86264515e-09 -0.0206080377 -0.0276814308 0.999404371";
      isRenderEnabled = "false";
      mode = "Ignore";
      canSave = "1";
      canSaveDynamicFields = "1";
   };
   new TSStatic() {
      shapeName = "/levels/italy/art/shapes/buildings/italy_newjersey_plastic.DAE";
      dynamic = "0";
      playAmbient = "1";
      meshCulling = "0";
      originSort = "0";
      useInstanceRenderData = "0";
      instanceColor = "White";
      instanceColor1 = "White";
      instanceColor2 = "White";
      collisionType = "Collision Mesh";
      decalType = "Collision Mesh";
      prebuildCollisionData = "0";
      renderNormals = "0";
      forceDetail = "-1";
      position = "53.2425613 -1724.91235 332.04068";
      scale = "1 1 1";
      rotationMatrix = "-0.352421761 -0.935253382 -0.0331716277 0.935614586 -0.352895379 0.00951820426 -0.0206080377 -0.0276814345 0.999404371";
      isRenderEnabled = "false";
      mode = "Ignore";
      canSave = "1";
      canSaveDynamicFields = "1";
   };
   new TSStatic() {
      shapeName = "/levels/italy/art/shapes/buildings/italy_newjersey_plastic.DAE";
      dynamic = "0";
      playAmbient = "1";
      meshCulling = "0";
      originSort = "0";
      useInstanceRenderData = "0";
      instanceColor = "White";
      instanceColor1 = "White";
      instanceColor2 = "White";
      collisionType = "Collision Mesh";
      decalType = "Collision Mesh";
      prebuildCollisionData = "0";
      renderNormals = "0";
      forceDetail = "-1";
      position = "52.6388626 -1726.45679 331.985413";
      scale = "1 1 1";
      rotationMatrix = "-0.448683977 -0.893044293 -0.0339874811 0.893453181 -0.449117064 0.00598368607 -0.0206080452 -0.0276814345 0.999404371";
      isRenderEnabled = "false";
      mode = "Ignore";
      canSave = "1";
      canSaveDynamicFields = "1";
   };
   new TSStatic() {
      shapeName = "/levels/italy/art/shapes/buildings/italy_newjersey_plastic.DAE";
      dynamic = "0";
      playAmbient = "1";
      meshCulling = "0";
      originSort = "0";
      useInstanceRenderData = "0";
      instanceColor = "White";
      instanceColor1 = "White";
      instanceColor2 = "White";
      collisionType = "Collision Mesh";
      decalType = "Collision Mesh";
      prebuildCollisionData = "0";
      renderNormals = "0";
      forceDetail = "-1";
      position = "51.686821 -1727.98389 331.923523";
      scale = "1 1 1";
      rotationMatrix = "-0.596802354 -0.801645756 -0.0345101841 0.802123547 -0.597158074 1.86264515e-09 -0.0206080377 -0.0276814308 0.999404371";
      isRenderEnabled = "false";
      mode = "Ignore";
      canSave = "1";
      canSaveDynamicFields = "1";
   };
   new TSStatic() {
      shapeName = "/levels/italy/art/shapes/buildings/italy_newjersey_plastic.DAE";
      dynamic = "0";
      playAmbient = "1";
      meshCulling = "0";
      originSort = "0";
      useInstanceRenderData = "0";
      instanceColor = "White";
      instanceColor1 = "White";
      instanceColor2 = "White";
      collisionType = "Collision Mesh";
      decalType = "Collision Mesh";
      prebuildCollisionData = "0";
      renderNormals = "0";
      forceDetail = "-1";
      position = "50.6226463 -1729.32544 331.86438";
      scale = "1 1 1";
      rotationMatrix = "-0.596802354 -0.801645756 -0.0345101841 0.802123547 -0.597158074 1.86264515e-09 -0.0206080377 -0.0276814308 0.999404371";
      isRenderEnabled = "false";
      mode = "Ignore";
      canSave = "1";
      canSaveDynamicFields = "1";
   };
   new TSStatic() {
      shapeName = "/levels/italy/art/shapes/buildings/italy_newjersey_plastic.DAE";
      dynamic = "0";
      playAmbient = "1";
      meshCulling = "0";
      originSort = "0";
      useInstanceRenderData = "0";
      instanceColor = "White";
      instanceColor1 = "White";
      instanceColor2 = "White";
      collisionType = "Collision Mesh";
      decalType = "Collision Mesh";
      prebuildCollisionData = "0";
      renderNormals = "0";
      forceDetail = "-1";
      position = "49.3447876 -1730.55103 331.804108";
      scale = "1 1 1";
      rotationMatrix = "-0.810067654 -0.58541137 -0.0329185389 0.585973918 -0.810263515 -0.0103596523 -0.0206080358 -0.0276814252 0.999404371";
      isRenderEnabled = "false";
      mode = "Ignore";
      canSave = "1";
      canSaveDynamicFields = "1";
   };
   new TSStatic() {
      shapeName = "/levels/italy/art/shapes/buildings/italy_newjersey_plastic.DAE";
      dynamic = "0";
      playAmbient = "1";
      meshCulling = "0";
      originSort = "0";
      useInstanceRenderData = "0";
      instanceColor = "White";
      instanceColor1 = "White";
      instanceColor2 = "White";
      collisionType = "Collision Mesh";
      decalType = "Collision Mesh";
      prebuildCollisionData = "0";
      renderNormals = "0";
      forceDetail = "-1";
      position = "47.894165 -1731.34924 331.752106";
      scale = "1 1 1";
      rotationMatrix = "-0.847897172 -0.529185176 -0.0321412459 0.529759645 -0.848054409 -0.0125655411 -0.0206080377 -0.0276814252 0.999404371";
      isRenderEnabled = "false";
      mode = "Ignore";
      canSave = "1";
      canSaveDynamicFields = "1";
   };
   new TSStatic() {
      shapeName = "/levels/italy/art/shapes/buildings/italy_newjersey_plastic.DAE";
      dynamic = "0";
      playAmbient = "1";
      meshCulling = "0";
      originSort = "0";
      useInstanceRenderData = "0";
      instanceColor = "White";
      instanceColor1 = "White";
      instanceColor2 = "White";
      collisionType = "Collision Mesh";
      decalType = "Collision Mesh";
      prebuildCollisionData = "0";
      renderNormals = "0";
      forceDetail = "-1";
      position = "46.3912811 -1731.99377 331.782806";
      scale = "1 1 1";
      rotationMatrix = "-0.905178905 -0.423941314 -0.0304073729 0.424530506 -0.905266285 -0.0163200479 -0.020608034 -0.0276814234 0.999404371";
      isRenderEnabled = "false";
      mode = "Ignore";
      canSave = "1";
      canSaveDynamicFields = "1";
   };
   new TSStatic() {
      shapeName = "/levels/italy/art/shapes/buildings/italy_newjersey_plastic.DAE";
      dynamic = "0";
      playAmbient = "1";
      meshCulling = "0";
      originSort = "0";
      useInstanceRenderData = "0";
      instanceColor = "White";
      instanceColor1 = "White";
      instanceColor2 = "White";
      collisionType = "Collision Mesh";
      decalType = "Collision Mesh";
      prebuildCollisionData = "0";
      renderNormals = "0";
      forceDetail = "-1";
      position = "44.8987999 -1732.47546 331.837372";
      scale = "1 1 1";
      rotationMatrix = "-0.956067801 -0.291825861 -0.0277973954 0.29242149 -0.956071138 -0.020451365 -0.0206080433 -0.0276814383 0.999404371";
      isRenderEnabled = "false";
      mode = "Ignore";
      canSave = "1";
      canSaveDynamicFields = "1";
   };
   new TSStatic() {
      shapeName = "/levels/italy/art/shapes/buildings/italy_newjersey_plastic.DAE";
      dynamic = "0";
      playAmbient = "1";
      meshCulling = "0";
      originSort = "0";
      useInstanceRenderData = "0";
      instanceColor = "White";
      instanceColor1 = "White";
      instanceColor2 = "White";
      collisionType = "Collision Mesh";
      decalType = "Collision Mesh";
      prebuildCollisionData = "0";
      renderNormals = "0";
      forceDetail = "-1";
      position = "43.5066566 -1732.88965 331.825104";
      scale = "1 1 1";
      rotationMatrix = "-0.960842729 -0.275730044 -0.02745004 0.276325673 -0.960836172 -0.0209152531 -0.020608034 -0.0276814271 0.999404371";
      isRenderEnabled = "false";
      mode = "Ignore";
      canSave = "1";
      canSaveDynamicFields = "1";
   };
   new TSStatic() {
      shapeName = "/levels/italy/art/shapes/buildings/italy_newjersey_plastic.DAE";
      dynamic = "0";
      playAmbient = "1";
      meshCulling = "0";
      originSort = "0";
      useInstanceRenderData = "0";
      instanceColor = "White";
      instanceColor1 = "White";
      instanceColor2 = "White";
      collisionType = "Collision Mesh";
      decalType = "Collision Mesh";
      prebuildCollisionData = "0";
      renderNormals = "0";
      forceDetail = "-1";
      position = "42.2266579 -1733.13342 331.797272";
      scale = "1 1 1";
      rotationMatrix = "-0.975632191 -0.217847019 -0.0261517633 0.218441188 -0.975589991 -0.0225175023 -0.0206080358 -0.0276814289 0.999404371";
      isRenderEnabled = "false";
      mode = "Ignore";
      canSave = "1";
      canSaveDynamicFields = "1";
   };
   new TSStatic() {
      shapeName = "/levels/italy/art/shapes/buildings/italy_newjersey_plastic.DAE";
      dynamic = "0";
      playAmbient = "1";
      meshCulling = "0";
      originSort = "0";
      useInstanceRenderData = "0";
      instanceColor = "White";
      instanceColor1 = "White";
      instanceColor2 = "White";
      collisionType = "Collision Mesh";
      decalType = "Collision Mesh";
      prebuildCollisionData = "0";
      renderNormals = "0";
      forceDetail = "-1";
      position = "40.8804893 -1733.31775 331.772095";
      scale = "1 1 1";
      rotationMatrix = "-0.991153836 -0.130519703 -0.0240530353 0.131107792 -0.991059065 -0.024746798 -0.0206080358 -0.0276814252 0.999404371";
      isRenderEnabled = "false";
      mode = "Ignore";
      canSave = "1";
      canSaveDynamicFields = "1";
   };
   new TSStatic() {
      shapeName = "/levels/italy/art/shapes/buildings/italy_newjersey_plastic.DAE";
      dynamic = "0";
      playAmbient = "1";
      meshCulling = "0";
      originSort = "0";
      useInstanceRenderData = "0";
      instanceColor = "White";
      instanceColor1 = "White";
      instanceColor2 = "White";
      collisionType = "Collision Mesh";
      decalType = "Collision Mesh";
      prebuildCollisionData = "0";
      renderNormals = "0";
      forceDetail = "-1";
      position = "39.440052 -1733.46838 331.740692";
      scale = "1 1 1";
      rotationMatrix = "-0.99515605 -0.0955380648 -0.0231666453 0.0961224437 -0.995040774 -0.0255784988 -0.0206080377 -0.0276814364 0.999404371";
      isRenderEnabled = "false";
      mode = "Ignore";
      canSave = "1";
      canSaveDynamicFields = "1";
   };
};
//--- OBJECT WRITE END ---





