{"name":"forwardPrefab_group","class":"SimGroup","persistentId":"7c875118-393d-4cbf-b24c-87342c2c3be6","groupPosition":"0 0 0"}
{"class":"TSStatic","persistentId":"0a999d78-c202-47c9-af39-215928556ed5","__parent":"forwardPrefab_group","position":[248.530762,321.161407,178.684784],"isRenderEnabled":false,"rotationMatrix":[-0.580737352,-0.813625991,-0.0275051594,0.813933909,-0.580957174,-9.31322575e-10,-0.0159793235,-0.0223873854,0.999621689],"shapeName":"/art/shapes/objects/arrowboard_L.dae","useInstanceRenderData":true}
{"class":"TSStatic","persistentId":"6e0ca476-6448-4e94-b318-b1188a7e9560","__parent":"forwardPrefab_group","position":[-159.819778,569.753418,242.053406],"isRenderEnabled":false,"rotationMatrix":[0.244401932,-0.969404757,0.0228435621,0.968813598,0.2431252,-0.0478542782,0.0408363342,0.0338268243,0.998593092],"shapeName":"/art/shapes/objects/arrowboard_R.dae","useInstanceRenderData":true}
{"class":"TSStatic","persistentId":"8db60465-7396-44b3-9e17-cd2d98057337","__parent":"forwardPrefab_group","position":[-152.623611,264.517975,239.087906],"isRenderEnabled":false,"rotationMatrix":[-0.546807408,0.837013781,0.0202238392,-0.83651346,-0.547180176,0.0289553143,0.0353020951,-0.00108452607,0.999376118],"shapeName":"/art/shapes/objects/arrowboard_L.dae","useInstanceRenderData":true}
{"class":"TSStatic","persistentId":"9abb764c-2aa4-48fc-8791-9ba05b8c1751","__parent":"forwardPrefab_group","position":[-813.002747,323.182953,249.411285],"isRenderEnabled":false,"rotationMatrix":[-0.169232607,0.985576212,-1.86264515e-09,-0.984176815,-0.168992281,-0.0532701574,-0.0525017977,-0.00901504606,0.998580158],"shapeName":"/art/shapes/objects/arrowboard_L.dae","useInstanceRenderData":true}
{"class":"TSStatic","persistentId":"ac32751c-0e0c-4ce1-90e1-3dca05ffc243","__parent":"forwardPrefab_group","position":[174.731598,428.219482,175.856354],"isRenderEnabled":false,"rotationMatrix":[0.299132407,-0.954211533,-7.4505806e-09,0.951960981,0.298426867,-0.0686412379,0.0654982701,0.0205328092,0.997641385],"shapeName":"/art/shapes/objects/arrowboard_L.dae","useInstanceRenderData":true}
{"class":"TSStatic","persistentId":"b969b19a-7a6a-4042-98be-b685e2bb8436","__parent":"forwardPrefab_group","position":[-329.213379,329.036072,267.450623],"isRenderEnabled":false,"rotationMatrix":[-0.438332558,0.883027256,0.167711228,-0.897846758,-0.438819647,-0.0361672416,0.0416583642,-0.166432291,0.98517251],"shapeName":"/art/shapes/objects/arrowboard_L.dae","useInstanceRenderData":true}
{"class":"TSStatic","persistentId":"d5bb29d2-f6a2-411f-accc-f11e9b8fba79","__parent":"forwardPrefab_group","position":[168.567307,152.915268,174.249176],"isRenderEnabled":false,"rotationMatrix":[0.261735439,0.964784026,-0.0261952318,-0.965084076,0.261332929,-0.0178234875,-0.0103501445,0.0299456418,0.99949795],"shapeName":"/art/shapes/objects/arrowboard_L.dae","useInstanceRenderData":true}
{"class":"TSStatic","persistentId":"e6a95646-bfcb-4c36-bd49-96663a042c05","__parent":"forwardPrefab_group","position":[-165.836777,564.051453,242.200012],"isRenderEnabled":false,"rotationMatrix":[0.24440223,-0.969404697,0.0228435434,0.969630122,0.244099677,-0.0152500756,0.00920739677,0.025876943,0.999622762],"shapeName":"/art/shapes/objects/arrowboard_R.dae","useInstanceRenderData":true}
