//--- OBJECT WRITE BEGIN ---
$ThisPrefab = new SimGroup() {
   canSave = "1";
   canSaveDynamicFields = "1";
      groupPosition = "0 0 0";

   new TSStatic() {
      shapeName = "/art/shapes/race/s_concrete_race_barrier.dae";
      dynamic = "0";
      playAmbient = "1";
      meshCulling = "0";
      originSort = "0";
      useInstanceRenderData = "1";
      instanceColor = "White";
      instanceColor1 = "White";
      instanceColor2 = "White";
      collisionType = "Collision Mesh";
      decalType = "Collision Mesh";
      prebuildCollisionData = "0";
      renderNormals = "0";
      forceDetail = "-1";
      position = "-810.882996 326.259003 249.506424";
      scale = "1 1 1";
      rotationMatrix = "0.999942839 -1.72613509e-05 0.0106898844 -0.000325100962 0.999487042 0.0320241824 -0.010684954 -0.032025829 0.999429941";
      isRenderEnabled = "false";
      canSave = "1";
      canSaveDynamicFields = "1";
      persistentId = "8e55954c-9248-4e44-98c8-cf5d5471fa52";
   };
   new TSStatic() {
      shapeName = "/art/shapes/race/s_concrete_race_barrier.dae";
      dynamic = "0";
      playAmbient = "1";
      meshCulling = "0";
      originSort = "0";
      useInstanceRenderData = "1";
      instanceColor = "White";
      instanceColor1 = "White";
      instanceColor2 = "White";
      collisionType = "Collision Mesh";
      decalType = "Collision Mesh";
      prebuildCollisionData = "0";
      renderNormals = "0";
      forceDetail = "-1";
      position = "-815.324036 326.267303 249.373459";
      scale = "1 1 1";
      rotationMatrix = "0.998657048 -0.00165453064 0.0517819636 -0.000162043143 0.999385297 0.0350573622 -0.0518081374 -0.0350186713 0.998042881";
      isRenderEnabled = "false";
      canSave = "1";
      canSaveDynamicFields = "1";
      persistentId = "12b2a3e0-bcc9-4842-babb-5ce4aad54aa9";
   };
   new TSStatic() {
      shapeName = "/art/shapes/race/s_concrete_race_barrier.dae";
      dynamic = "0";
      playAmbient = "1";
      meshCulling = "0";
      originSort = "0";
      useInstanceRenderData = "1";
      instanceColor = "White";
      instanceColor1 = "White";
      instanceColor2 = "White";
      collisionType = "Collision Mesh";
      decalType = "Collision Mesh";
      prebuildCollisionData = "0";
      renderNormals = "0";
      forceDetail = "-1";
      position = "175.423721 421.696136 176.233002";
      scale = "1 1 1";
      rotationMatrix = "0.694888532 -0.718504786 -0.0296761487 0.717419624 0.695491433 -0.0400073975 0.0493850186 0.00651042722 0.998758614";
      isRenderEnabled = "false";
      canSave = "1";
      canSaveDynamicFields = "1";
      persistentId = "f50a555b-f82f-457c-9c92-8fe5ca1db8d5";
   };
   new TSStatic() {
      shapeName = "/art/shapes/race/s_concrete_race_barrier.dae";
      dynamic = "0";
      playAmbient = "1";
      meshCulling = "0";
      originSort = "0";
      useInstanceRenderData = "1";
      instanceColor = "White";
      instanceColor1 = "White";
      instanceColor2 = "White";
      collisionType = "Collision Mesh";
      decalType = "Collision Mesh";
      prebuildCollisionData = "0";
      renderNormals = "0";
      forceDetail = "-1";
      position = "171.33197 425.872375 176.134506";
      scale = "1 1 1";
      rotationMatrix = "0.698437691 -0.712857008 0.0634003282 0.715175748 0.698504925 -0.0247875489 -0.0266154613 0.0626549423 0.997680306";
      isRenderEnabled = "false";
      canSave = "1";
      canSaveDynamicFields = "1";
      persistentId = "57596966-d10f-4702-b2a1-04e505df903a";
   };
   new TSStatic() {
      shapeName = "/art/shapes/race/s_concrete_race_barrier.dae";
      dynamic = "0";
      playAmbient = "1";
      meshCulling = "0";
      originSort = "0";
      useInstanceRenderData = "1";
      instanceColor = "White";
      instanceColor1 = "White";
      instanceColor2 = "White";
      collisionType = "Collision Mesh";
      decalType = "Collision Mesh";
      prebuildCollisionData = "0";
      renderNormals = "0";
      forceDetail = "-1";
      position = "167.75029 429.50293 175.553085";
      scale = "1 1 1";
      rotationMatrix = "0.697167754 -0.706684351 0.120641075 0.713440776 0.700432181 -0.0199222639 -0.0704221353 0.0999594331 0.992496252";
      isRenderEnabled = "false";
      canSave = "1";
      canSaveDynamicFields = "1";
      persistentId = "5335da18-9a39-4557-bb99-cf93c071bb9d";
   };
   new TSStatic() {
      shapeName = "/art/shapes/race/s_concrete_race_barrier.dae";
      dynamic = "0";
      playAmbient = "1";
      meshCulling = "0";
      originSort = "0";
      useInstanceRenderData = "1";
      instanceColor = "White";
      instanceColor1 = "White";
      instanceColor2 = "White";
      collisionType = "Collision Mesh";
      decalType = "Collision Mesh";
      prebuildCollisionData = "0";
      renderNormals = "0";
      forceDetail = "-1";
      position = "194.059586 406.989868 177.063202";
      scale = "1 1 1";
      rotationMatrix = "0.698545694 -0.711162806 0.0792549402 0.713963628 0.700100541 -0.0107347593 -0.0478522629 0.0640838668 0.996796608";
      isRenderEnabled = "false";
      canSave = "1";
      canSaveDynamicFields = "1";
      persistentId = "6d87c04c-debb-49dc-8aaa-083eaca03aa4";
   };
   new TSStatic() {
      shapeName = "/art/shapes/race/s_concrete_race_barrier.dae";
      dynamic = "0";
      playAmbient = "1";
      meshCulling = "0";
      originSort = "0";
      useInstanceRenderData = "1";
      instanceColor = "White";
      instanceColor1 = "White";
      instanceColor2 = "White";
      collisionType = "Collision Mesh";
      decalType = "Collision Mesh";
      prebuildCollisionData = "0";
      renderNormals = "0";
      forceDetail = "-1";
      position = "247.398499 318.640228 178.620285";
      scale = "1 1 1";
      rotationMatrix = "0.934885859 -0.354084641 0.024748655 0.35295257 0.934750199 0.0408235081 -0.0375887901 -0.0294302162 0.998859823";
      isRenderEnabled = "false";
      canSave = "1";
      canSaveDynamicFields = "1";
      persistentId = "fd9f101d-5c29-4154-a763-6dfc3576ce81";
   };
   new TSStatic() {
      shapeName = "/art/shapes/race/s_concrete_race_barrier.dae";
      dynamic = "0";
      playAmbient = "1";
      meshCulling = "0";
      originSort = "0";
      useInstanceRenderData = "1";
      instanceColor = "White";
      instanceColor1 = "White";
      instanceColor2 = "White";
      collisionType = "Collision Mesh";
      decalType = "Collision Mesh";
      prebuildCollisionData = "0";
      renderNormals = "0";
      forceDetail = "-1";
      position = "166.575912 171.615204 174.473145";
      scale = "1 1 1";
      rotationMatrix = "-0.0859134197 -0.994589865 -0.0583932884 0.992565691 -0.0803725719 -0.0913970917 0.0862094015 -0.0658114254 0.994100988";
      isRenderEnabled = "false";
      canSave = "1";
      canSaveDynamicFields = "1";
      persistentId = "ccf0aea0-35b4-4c52-8801-dc26f91ca7c5";
   };
   new TSStatic() {
      shapeName = "/art/shapes/race/s_concrete_race_barrier.dae";
      dynamic = "0";
      playAmbient = "1";
      meshCulling = "0";
      originSort = "0";
      useInstanceRenderData = "1";
      instanceColor = "White";
      instanceColor1 = "White";
      instanceColor2 = "White";
      collisionType = "Collision Mesh";
      decalType = "Collision Mesh";
      prebuildCollisionData = "0";
      renderNormals = "0";
      forceDetail = "-1";
      position = "166.252213 167.624802 174.367798";
      scale = "1 1 1";
      rotationMatrix = "-0.0807060003 -0.994905412 0.0604121089 0.993746936 -0.0850076675 -0.0723915398 0.0771582425 0.0541919172 0.99554497";
      isRenderEnabled = "false";
      canSave = "1";
      canSaveDynamicFields = "1";
      persistentId = "a4865596-179e-473e-ad40-3cc10357d34d";
   };
   new TSStatic() {
      shapeName = "/art/shapes/race/s_concrete_race_barrier.dae";
      dynamic = "0";
      playAmbient = "1";
      meshCulling = "0";
      originSort = "0";
      useInstanceRenderData = "1";
      instanceColor = "White";
      instanceColor1 = "White";
      instanceColor2 = "White";
      collisionType = "Collision Mesh";
      decalType = "Collision Mesh";
      prebuildCollisionData = "0";
      renderNormals = "0";
      forceDetail = "-1";
      position = "165.876968 163.109879 174.284271";
      scale = "1 1 1";
      rotationMatrix = "-0.0827783346 -0.995973825 -0.0344065167 0.996555328 -0.0829014778 0.00216522999 -0.00500886515 -0.0341087654 0.999405563";
      isRenderEnabled = "false";
      canSave = "1";
      canSaveDynamicFields = "1";
      persistentId = "92f3603f-65fc-46b4-9b70-165117b80cc6";
   };
   new TSStatic() {
      shapeName = "/art/shapes/race/s_concrete_race_barrier.dae";
      dynamic = "0";
      playAmbient = "1";
      meshCulling = "0";
      originSort = "0";
      useInstanceRenderData = "1";
      instanceColor = "White";
      instanceColor1 = "White";
      instanceColor2 = "White";
      collisionType = "Collision Mesh";
      decalType = "Collision Mesh";
      prebuildCollisionData = "0";
      renderNormals = "0";
      forceDetail = "-1";
      position = "185.914902 155.553513 174.020416";
      scale = "1 1 1";
      rotationMatrix = "0.992330909 0.122062758 -0.0194962136 -0.122086257 0.992519498 -1.55643793e-05 0.0193484724 0.00239566481 0.999809921";
      isRenderEnabled = "false";
      canSave = "1";
      canSaveDynamicFields = "1";
      persistentId = "2703caf8-222c-48f9-bd1d-233c3d4bdf7a";
   };
   new TSStatic() {
      shapeName = "/art/shapes/race/s_concrete_race_barrier.dae";
      dynamic = "0";
      playAmbient = "1";
      meshCulling = "0";
      originSort = "0";
      useInstanceRenderData = "1";
      instanceColor = "White";
      instanceColor1 = "White";
      instanceColor2 = "White";
      collisionType = "Collision Mesh";
      decalType = "Collision Mesh";
      prebuildCollisionData = "0";
      renderNormals = "0";
      forceDetail = "-1";
      position = "182.128281 155.077026 174.145065";
      scale = "1 1 1";
      rotationMatrix = "0.988927543 0.124440886 -0.0808506906 -0.122843154 0.992124557 0.0244634226 0.0832582116 -0.0142605975 0.996425986";
      isRenderEnabled = "false";
      canSave = "1";
      canSaveDynamicFields = "1";
      persistentId = "a0bbdc06-3a55-42e5-a4f9-c2bf659fd98b";
   };
   new TSStatic() {
      shapeName = "/art/shapes/race/s_concrete_race_barrier.dae";
      dynamic = "0";
      playAmbient = "1";
      meshCulling = "0";
      originSort = "0";
      useInstanceRenderData = "1";
      instanceColor = "White";
      instanceColor1 = "White";
      instanceColor2 = "White";
      collisionType = "Collision Mesh";
      decalType = "Collision Mesh";
      prebuildCollisionData = "0";
      renderNormals = "0";
      forceDetail = "-1";
      position = "178.129288 154.575409 174.321655";
      scale = "1 1 1";
      rotationMatrix = "0.9925403 0.121911384 -0.00115639297 -0.121738546 0.991556764 0.0446641408 0.00659169676 -0.0441901796 0.999001384";
      isRenderEnabled = "false";
      canSave = "1";
      canSaveDynamicFields = "1";
      persistentId = "6de75518-7e72-4e3c-a093-640f66caafac";
   };
   new TSStatic() {
      shapeName = "/art/shapes/race/s_concrete_race_barrier.dae";
      dynamic = "0";
      playAmbient = "1";
      meshCulling = "0";
      originSort = "0";
      useInstanceRenderData = "1";
      instanceColor = "White";
      instanceColor1 = "White";
      instanceColor2 = "White";
      collisionType = "Collision Mesh";
      decalType = "Collision Mesh";
      prebuildCollisionData = "0";
      renderNormals = "0";
      forceDetail = "-1";
      position = "173.79483 154.527603 174.332336";
      scale = "1 1 1";
      rotationMatrix = "0.836849928 -0.544984937 -0.0517071821 0.545017719 0.838295519 -0.0147051755 0.0513599999 -0.0158753116 0.998553991";
      isRenderEnabled = "false";
      canSave = "1";
      canSaveDynamicFields = "1";
      persistentId = "03e46a12-936a-4625-8281-ae51657c5536";
   };
   new TSStatic() {
      shapeName = "/art/shapes/race/s_concrete_race_barrier.dae";
      dynamic = "0";
      playAmbient = "1";
      meshCulling = "0";
      originSort = "0";
      useInstanceRenderData = "1";
      instanceColor = "White";
      instanceColor1 = "White";
      instanceColor2 = "White";
      collisionType = "Collision Mesh";
      decalType = "Collision Mesh";
      prebuildCollisionData = "0";
      renderNormals = "0";
      forceDetail = "-1";
      position = "167.120956 158.593063 174.123734";
      scale = "1 1 1";
      rotationMatrix = "0.836808205 -0.546899498 0.0255530514 0.547436893 0.8364923 -0.0243620612 -0.00805132929 0.0343750566 0.999376595";
      isRenderEnabled = "false";
      canSave = "1";
      canSaveDynamicFields = "1";
      persistentId = "cd313f27-6664-47fb-b193-b52f910ce632";
   };
   new TSStatic() {
      shapeName = "/art/shapes/race/s_concrete_race_barrier.dae";
      dynamic = "0";
      playAmbient = "1";
      meshCulling = "0";
      originSort = "0";
      useInstanceRenderData = "1";
      instanceColor = "White";
      instanceColor1 = "White";
      instanceColor2 = "White";
      collisionType = "Collision Mesh";
      decalType = "Collision Mesh";
      prebuildCollisionData = "0";
      renderNormals = "0";
      forceDetail = "-1";
      position = "170.50209 156.272964 174.213913";
      scale = "1 1 1";
      rotationMatrix = "0.83632654 -0.547109723 0.035055764 0.548220873 0.834999502 -0.0472199097 -0.00343707576 0.0587095618 0.9982692";
      isRenderEnabled = "false";
      canSave = "1";
      canSaveDynamicFields = "1";
      persistentId = "ebdfa75e-efa5-4c24-8fee-2dc09992287e";
   };
};
//--- OBJECT WRITE END ---






