{"name":"reversePrefab_group","class":"SimGroup","persistentId":"e3fd5170-e1e2-4179-8241-a9d16c17a9b7","groupPosition":"0 0 0"}
{"class":"TSStatic","persistentId":"16e45175-f57b-4c8c-b2ff-c9357f7c6d9d","__parent":"reversePrefab_group","position":[-797.923706,325.096497,250.876251],"isRenderEnabled":false,"rotationMatrix":[0.213716149,0.975937068,0.0432705209,-0.973020494,0.216600895,-0.0794683844,-0.0869285688,-0.0251194183,0.99589783],"shapeName":"/art/shapes/objects/arrowboard_R.dae","useInstanceRenderData":true}
{"class":"TSStatic","persistentId":"73203407-21f0-490d-8029-812732923209","__parent":"reversePrefab_group","position":[248.284454,321.715393,178.700272],"isRenderEnabled":false,"rotationMatrix":[-0.724938035,0.688814759,-9.31322575e-10,-0.688448787,-0.72455287,-0.032593824,-0.022451099,-0.0236284863,0.999468684],"shapeName":"/art/shapes/objects/arrowboard_R.dae","useInstanceRenderData":true}
{"class":"TSStatic","persistentId":"9e2d822a-9e36-4760-97ba-b026ec15222e","__parent":"reversePrefab_group","position":[-91.5553284,285.084991,238.230469],"isRenderEnabled":false,"rotationMatrix":[0.305186331,0.951998651,0.0236579496,-0.95197612,0.304350317,0.0333506986,0.0245495234,-0.0326999798,0.999163687],"shapeName":"/art/shapes/objects/arrowboard_R.dae","useInstanceRenderData":true}
{"class":"TSStatic","persistentId":"c45d9155-e5cb-4aba-a3c9-2f822baef5c8","__parent":"reversePrefab_group","position":[-163.841629,563.790222,242.203064],"isRenderEnabled":false,"rotationMatrix":[0.999850452,0.000863821246,0.0172706004,-2.91038305e-11,0.998751521,-0.0499544144,-0.0172921885,0.0499469414,0.998602152],"shapeName":"/art/shapes/objects/arrowboard_L.dae","useInstanceRenderData":true}
{"class":"TSStatic","persistentId":"e75d515c-1776-495b-9850-5fc9c69d9fbc","__parent":"reversePrefab_group","position":[170.477081,152.633804,174.229797],"isRenderEnabled":false,"rotationMatrix":[0.644602239,0.764518082,0,-0.764518082,0.644602239,0,0,0,1],"shapeName":"/art/shapes/objects/arrowboard_R.dae","useInstanceRenderData":true}
{"class":"TSStatic","persistentId":"fd476437-abd6-42ca-8a1d-6edb78b3b5a7","__parent":"reversePrefab_group","position":[195.328766,410.484741,176.852219],"isRenderEnabled":false,"rotationMatrix":[-0.999534011,-0.0295299366,-0.00770205213,0.0293574296,-0.999334931,0.0216235742,-0.00833547395,0.0213873908,0.999736488],"shapeName":"/art/shapes/objects/arrowboard_R.dae","useInstanceRenderData":true}
